0  0.114755  6.76965e-19  -0.263711  -2.29336  0  -0.406233
0.00100042  0.114755  -0.000263823  -0.4385  -2.29336  -0.000406405  -0.687992
0.00200085  0.114754  -0.000702509  -0.524368  -2.29336  -0.00109469  -0.845277
0.00300127  0.114753  -0.0012271  -0.521313  -2.29337  -0.00194032  -0.878089
0.0040017  0.114751  -0.00174863  -0.429337  -2.29337  -0.00281879  -0.786427
0.00500212  0.114749  -0.00217815  -0.248439  -2.29337  -0.00360555  -0.57029
0.00600254  0.114747  -0.0024267  0.0213804  -2.29338  -0.00417608  -0.22968
0.00700297  0.114744  -0.00240531  0.380122  -2.29338  -0.00440585  0.235404
0.00800339  0.114742  -0.00202502  0.827785  -2.29339  -0.00417035  0.824962
0.00900381  0.114741  -0.00119689  1.36437  -2.29339  -0.00334504  1.53899
0.0100042  0.114741  0.00016806  1.98988  -2.29339  -0.00180539  2.3775
0.0110047  0.114744  0.00215878  2.70431  -2.29339  0.000573111  3.34048
0.0120051  0.114748  0.00486423  3.50766  -2.29339  0.00391501  4.42793
0.0130055  0.114757  0.00837337  4.39993  -2.29338  0.00834481  5.63986
0.0140059  0.11477  0.0127752  5.38112  -2.29336  0.0139871  6.97626
0.0150064  0.114788  0.0181586  6.45124  -2.29334  0.0209663  8.43713
0.0160068  0.114812  0.0246125  7.61027  -2.29331  0.029407  10.0225
0.0170072  0.114845  0.032226  8.85823  -2.29327  0.0394337  11.7323
0.0180076  0.114886  0.041088  10.1951  -2.29322  0.051171  13.5666
0.0190081  0.114937  0.0512875  11.6209  -2.29316  0.0647433  15.5254
0.0200085  0.115  0.0629133  13.1356  -2.29308  0.0802753  17.6086
0.0210089  0.115076  0.0760545  14.7393  -2.29298  0.0978914  19.8163
0.0220093  0.115167  0.0908  16.4319  -2.29286  0.117716  22.1485
0.0230097  0.115274  0.107239  18.2128  -2.29272  0.139874  24.6048
0.0240102  0.1154  0.125459  20.0269  -2.29256  0.164489  27.1403
0.0250106  0.115545  0.145495  21.8368  -2.29237  0.191641  29.7249
0.026011  0.115713  0.167341  23.6426  -2.29214  0.221378  32.3586
0.0270114  0.115904  0.190994  25.4443  -2.29189  0.253751  35.0414
0.0280119  0.11612  0.216449  27.2419  -2.2916  0.288807  37.7733
0.0290123  0.116364  0.243702  29.0354  -2.29127  0.326596  40.5544
0.0300127  0.116637  0.27275  30.8247  -2.29091  0.367168  43.3845
0.0310131  0.116941  0.303588  32.6099  -2.2905  0.410571  46.2638
0.0320136  0.117277  0.336211  34.391  -2.29004  0.456854  49.1921
0.033014  0.117648  0.370617  36.168  -2.28953  0.506067  52.1696
0.0340144  0.118055  0.4068  37.9408  -2.28897  0.558259  55.1962
0.0350148  0.1185  0.444757  39.6915  -2.28836  0.613478  58.251
0.0360153  0.118984  0.484465  41.403  -2.28769  0.671754  61.3147
0.0370157  0.11951  0.525886  43.0754  -2.28696  0.733095  64.3872
0.0380161  0.12008  0.56898  44.7087  -2.28616  0.797509  67.4684
0.0390165  0.120694  0.613707  46.3028  -2.28529  0.865006  70.5584
0.040017  0.121354  0.66003  47.8577  -2.28436  0.935594  73.6572
0.0410174  0.122062  0.707908  49.6373  -2.28335  1.00928  77.171
0.0420178  0.12282  0.757566  51.2887  -2.28226  1.08649  80.5691
0.0430182  0.123629  0.808876  52.8121  -2.28109  1.16709  83.8515
0.0440186  0.124491  0.861711  54.2074  -2.27984  1.25098  87.0182
0.0450191  0.125408  0.915941  55.4613  -2.2785  1.33803  90.0538
0.0460195  0.12638  0.971426  56.5631  -2.27707  1.42812  92.9462
0.0470199  0.127408  1.02801  57.5127  -2.27555  1.52111  95.6953
0.0480203  0.128494  1.08555  58.3102  -2.27393  1.61685  98.301
0.0490208  0.129638  1.14389  58.9555  -2.27222  1.71519  100.763
0.0500212  0.130842  1.20287  59.4486  -2.2704  1.81599  103.083
0.0510216  0.132105  1.26234  59.7897  -2.26848  1.91912  105.258
0.052022  0.133427  1.32215  59.9785  -2.26646  2.02442  107.291
0.0530225  0.13481  1.38216  60.0152  -2.26432  2.13176  109.18
0.0540229  0.136253  1.4422  59.901  -2.26208  2.24099  110.93
0.0550233  0.137756  1.50213  59.6409  -2.25973  2.35196  112.555
0.0560237  0.139318  1.56179  59.2353  -2.25726  2.46456  114.057
0.0570242  0.14094  1.62105  58.6843  -2.25468  2.57867  115.437
0.0580246  0.14262  1.67976  57.9878  -2.25199  2.69416  116.693
0.059025  0.144359  1.73777  57.146  -2.24918  2.8109  117.827
0.0600254  0.146155  1.79494  56.1587  -2.24625  2.92878  118.839
0.0610259  0.148006  1.85113  55.026  -2.2432  3.04767  119.727
0.0620263  0.149913  1.90618  53.7478  -2.24003  3.16744  120.493
0.0630267  0.151874  1.95995  52.3232  -2.23674  3.28799  121.135
0.0640271  0.153887  2.01229  50.7439  -2.23333  3.40917  121.652
0.0650275  0.155951  2.06306  49.063  -2.2298  3.53088  122.088
0.066028  0.158064  2.11214  47.318  -2.22614  3.65302  122.474
0.0670284  0.160225  2.15948  45.5087  -2.22236  3.77554  122.808
0.0680288  0.162431  2.20501  43.6351  -2.21846  3.8984  123.091
0.0690292  0.16468  2.24866  41.6974  -2.21444  4.02155  123.323
0.0700297  0.166972  2.29038  39.6954  -2.21029  4.14492  123.505
0.0710301  0.169303  2.33009  37.6291  -2.20602  4.26848  123.635
0.0720305  0.171671  2.36773  35.4975  -2.20163  4.39217  123.715
0.0730309  0.174076  2.40325  33.2928  -2.19711  4.51593  123.744
0.0740314  0.176513  2.43655  31.0136  -2.19247  4.63973  123.723
0.0750318  0.178982  2.46758  28.6599  -2.1877  4.7635  123.652
0.0760322  0.181479  2.49625  26.2498  -2.18282  4.88721  123.551
0.0770326  0.184003  2.52251  23.8002  -2.1778  5.01081  123.44
0.0780331  0.18655  2.54632  21.3112  -2.17267  5.1343  123.32
0.0790335  0.189119  2.56764  18.7827  -2.16741  5.25768  123.189
0.0800339  0.191706  2.58643  16.2148  -2.16202  5.38092  123.049
0.0810343  0.19431  2.60265  13.6031  -2.15652  5.50402  122.899
0.0820347  0.196928  2.61626  10.9381  -2.15089  5.62697  122.742
0.0830352  0.199556  2.62721  8.21922  -2.14513  5.74976  122.575
0.0840356  0.202192  2.63543  5.4466  -2.13926  5.87239  122.401
0.085036  0.204834  2.64088  2.62024  -2.13326  5.99484  122.219
0.0860364  0.207479  2.6435  -0.246578  -2.12714  6.11711  122.044
0.0870369  0.210123  2.64325  -3.14309  -2.1209  6.23921  121.888
0.0880373  0.212765  2.64011  -6.0693  -2.11454  6.36115  121.751
0.0890377  0.2154  2.63404  -9.02591  -2.10805  6.48295  121.634
0.0900381  0.218026  2.62501  -12.0241  -2.10144  6.60464  121.53
0.0910386  0.22064  2.61298  -15.0678  -2.09471  6.72622  121.436
0.092039  0.223239  2.5979  -18.157  -2.08786  6.84771  121.354
0.0930394  0.22582  2.57974  -21.2917  -2.08089  6.96911  121.282
0.0940398  0.228379  2.55844  -24.4718  -2.0738  7.09045  121.221
0.0950403  0.230914  2.53396  -27.6987  -2.06658  7.21172  121.168
0.0960407  0.233422  2.50624  -30.9772  -2.05925  7.33294  121.106
0.0970411  0.235898  2.47525  -34.3081  -2.05179  7.4541  121.035
0.0980415  0.23834  2.44093  -37.7056  -2.04421  7.57518  120.973
0.099042  0.240744  2.40321  -41.1813  -2.03651  7.69621  120.933
0.100042  0.243107  2.36201  -44.7349  -2.02869  7.81719  120.917
0.101043  0.245425  2.31726  -48.3667  -2.02075  7.93816  120.924
0.102043  0.247695  2.26887  -52.0764  -2.01269  8.05913  120.954
0.103044  0.249913  2.21677  -55.8642  -2.0045  8.18014  121.006
0.104044  0.252075  2.16088  -59.7289  -1.9962  8.3012  121.083
0.105044  0.254177  2.10113  -63.6613  -1.98777  8.42233  121.184
0.106045  0.256215  2.03744  -67.5485  -1.97923  8.54357  121.181
0.107045  0.258186  1.96986  -71.3077  -1.97056  8.6648  120.977
0.108046  0.260085  1.89853  -74.9389  -1.96177  8.78583  120.57
0.109046  0.261909  1.82356  -78.442  -1.95286  8.90645  119.962
0.110047  0.263655  1.74508  -81.8172  -1.94383  9.02646  119.152
0.111047  0.265319  1.66323  -85.0643  -1.93468  9.14566  118.141
0.112047  0.266898  1.57813  -88.1834  -1.92541  9.26385  116.927
0.113048  0.268389  1.48991  -91.1693  -1.91603  9.38083  115.505
0.114048  0.269788  1.3987  -93.9626  -1.90653  9.49638  113.775
0.115049  0.271093  1.3047  -96.5458  -1.89691  9.61021  111.709
0.116049  0.272302  1.20811  -98.9191  -1.88719  9.72196  109.306
0.11705  0.273411  1.10915  -101.082  -1.87735  9.83132  106.566
0.11805  0.27442  1.00802  -103.035  -1.86741  9.93793  103.489
0.11905  0.275325  0.904945  -104.779  -1.85736  10.0415  100.076
0.120051  0.276126  0.800122  -106.312  -1.84722  10.1416  96.3254
0.121051  0.27682  0.693766  -107.636  -1.83697  10.2379  92.2822
0.122052  0.277406  0.586084  -108.752  -1.82664  10.3303  88.0755
0.123052  0.277883  0.477286  -109.649  -1.81622  10.4184  83.7127
0.124053  0.278251  0.36759  -110.328  -1.80571  10.5021  79.1937
0.125053  0.278509  0.257216  -110.788  -1.79512  10.5814  74.5186
0.126053  0.278655  0.14638  -111.03  -1.78446  10.6559  69.6874
0.127054  0.27869  0.0353034  -111.053  -1.77373  10.7256  64.7
0.128054  0.278614  -0.0757965  -110.857  -1.76294  10.7903  59.5565
0.129055  0.278428  -0.186701  -110.456  -1.75208  10.8499  54.2859
0.130055  0.27813  -0.297203  -109.863  -1.74118  10.9042  48.9265
0.131056  0.277723  -0.407113  -109.069  -1.73022  10.9532  43.4846
0.132056  0.277207  -0.516229  -108.07  -1.71922  10.9967  37.9623
0.133056  0.276582  -0.624344  -106.865  -1.70818  11.0347  32.3595
0.134057  0.27585  -0.731254  -105.454  -1.6971  11.067  26.6762
0.135057  0.275013  -0.836753  -103.837  -1.68601  11.0937  20.9125
0.136058  0.274072  -0.940634  -102.015  -1.67489  11.1146  15.0684
0.137058  0.273029  -1.04269  -99.9912  -1.66375  11.1297  9.1382
0.138058  0.271886  -1.14273  -97.7681  -1.65261  11.1389  3.11534
0.139059  0.270645  -1.24054  -95.3318  -1.64146  11.142  -3.01855
0.140059  0.269308  -1.33591  -92.671  -1.63032  11.139  -9.27768
0.14106  0.267879  -1.42862  -89.7857  -1.61918  11.1297  -15.6621
0.14206  0.26636  -1.51844  -86.6759  -1.60807  11.114  -22.1717
0.143061  0.264754  -1.60515  -83.3417  -1.59697  11.0918  -28.8066
0.144061  0.263065  -1.68853  -79.7829  -1.5859  11.063  -35.5668
0.145061  0.261296  -1.76835  -76.0018  -1.57487  11.0274  -42.4511
0.146062  0.259451  -1.84438  -72.0035  -1.56388  10.985  -49.4567
0.147062  0.257534  -1.91642  -67.8988  -1.55294  10.9355  -56.4531
0.148063  0.255548  -1.98434  -63.7707  -1.54206  10.879  -63.3431
0.149063  0.253499  -2.04814  -59.6192  -1.53124  10.8156  -70.1265
0.150064  0.251391  -2.10779  -55.4443  -1.52049  10.7455  -76.8035
0.151064  0.249226  -2.16325  -51.2459  -1.50981  10.6686  -83.3739
0.152064  0.247011  -2.21452  -47.024  -1.49922  10.5852  -89.8378
0.153065  0.244749  -2.26157  -42.7793  -1.48872  10.4954  -96.1945
0.154065  0.242443  -2.30436  -38.5209  -1.47832  10.3991  -102.43
0.155066  0.240099  -2.3429  -34.3021  -1.46802  10.2967  -108.445
0.156066  0.237721  -2.37722  -30.1389  -1.45783  10.1882  -114.211
0.157067  0.235313  -2.40737  -26.0312  -1.44775  10.0739  -119.727
0.158067  0.232878  -2.43341  -21.979  -1.43779  9.95412  -124.992
0.159067  0.230422  -2.4554  -17.9823  -1.42796  9.82908  -130.008
0.160068  0.227947  -2.47339  -14.0412  -1.41825  9.69902  -134.774
0.161068  0.225459  -2.48744  -10.1557  -1.40868  9.56418  -139.29
0.162069  0.22296  -2.4976  -6.33388  -1.39926  9.42483  -143.578
0.163069  0.220455  -2.50393  -2.60579  -1.38997  9.2812  -147.691
0.164069  0.217948  -2.50654  1.02592  -1.38083  9.13344  -151.629
0.16507  0.215441  -2.50551  4.56126  -1.37185  8.98175  -155.394
0.16607  0.212939  -2.50095  8.00021  -1.36302  8.82629  -158.986
0.167071  0.210445  -2.49295  11.3428  -1.35435  8.66724  -162.404
0.168071  0.207962  -2.4816  14.589  -1.34584  8.50476  -165.648
0.169072  0.205494  -2.467  17.7388  -1.3375  8.33905  -168.718
0.170072  0.203044  -2.44926  20.8047  -1.32932  8.17026  -171.643
0.171072  0.200615  -2.42844  23.8013  -1.32132  7.99854  -174.459
0.172073  0.198209  -2.40463  26.6972  -1.31349  7.82401  -177.112
0.173073  0.19583  -2.37792  29.4809  -1.30584  7.64682  -179.582
0.174074  0.193481  -2.34843  32.1523  -1.29837  7.46716  -181.869
0.175074  0.191163  -2.31626  34.7115  -1.29108  7.28522  -183.973
0.176075  0.188881  -2.28154  37.1584  -1.28398  7.10116  -185.893
0.177075  0.186635  -2.24436  39.4931  -1.27706  6.91519  -187.631
0.178075  0.18443  -2.20485  41.7188  -1.27033  6.72748  -189.18
0.179076  0.182266  -2.16312  43.8391  -1.26379  6.53822  -190.534
0.180076  0.180145  -2.11926  45.8541  -1.25744  6.34761  -191.693
0.181077  0.178071  -2.07339  47.7638  -1.25128  6.15583  -192.656
0.182077  0.176045  -2.0256  49.5959  -1.24532  5.96309  -193.502
0.183078  0.174068  -1.97599  51.3727  -1.23954  5.76951  -194.293
0.184078  0.172143  -1.92459  53.0944  -1.23397  5.57514  -195.028
0.185078  0.17027  -1.87147  54.7608  -1.22858  5.38002  -195.708
0.186079  0.168453  -1.81669  56.3742  -1.2234  5.18423  -196.334
0.187079  0.166692  -1.76029  57.9391  -1.21841  4.98782  -196.908
0.18808  0.164989  -1.70233  59.4556  -1.21362  4.79083  -197.43
0.18908  0.163345  -1.64285  60.9237  -1.20902  4.59331  -197.9
0.190081  0.161763  -1.5819  62.3435  -1.20462  4.39533  -198.319
0.191081  0.160242  -1.51953  63.7149  -1.20042  4.19693  -198.686
0.192081  0.158786  -1.45579  65.0379  -1.19642  3.99816  -199.001
0.193082  0.157395  -1.39072  66.2956  -1.19262  3.79907  -199.266
0.194082  0.15607  -1.3244  67.4681  -1.18902  3.59972  -199.485
0.195083  0.154812  -1.2569  68.5606  -1.18562  3.40015  -199.665
0.196083  0.153624  -1.18831  69.5744  -1.18242  3.2004  -199.806
0.197083  0.152504  -1.11871  70.5097  -1.17942  3.00051  -199.909
0.198084  0.151456  -1.04817  71.3663  -1.17662  2.80051  -199.975
0.199084  0.150479  -0.976771  72.1444  -1.17401  2.60046  -200.002
0.200085  0.149574  -0.904596  72.8438  -1.17161  2.40037  -199.992
0.201085  0.148741  -0.831721  73.4646  -1.16941  2.20029  -199.943
0.202086  0.147983  -0.758226  74.0033  -1.16741  2.00026  -199.847
0.203086  0.147298  -0.684191  74.3597  -1.16561  1.80033  -199.424
0.204086  0.146688  -0.6098  74.5155  -1.16401  1.60082  -198.608
0.205087  0.146153  -0.535253  74.4736  -1.16261  1.40213  -197.407
0.206087  0.145692  -0.460748  74.2341  -1.1614  1.20464  -195.819
0.207088  0.145305  -0.386482  73.7969  -1.16039  1.00874  -193.845
0.208088  0.144993  -0.312654  73.1621  -1.15958  0.814812  -191.486
0.209089  0.144753  -0.239461  72.3295  -1.15895  0.623246  -188.74
0.210089  0.144586  -0.167101  71.2993  -1.15852  0.434426  -185.608
0.211089  0.14449  -0.095771  70.0715  -1.15827  0.248739  -182.09
0.21209  0.144464  -0.0256699  68.6477  -1.1582  0.0665715  -178.19
0.21309  0.144507  0.0430069  67.211  -1.15831  -0.111694  -174.371
0.214091  0.144618  0.110246  65.9529  -1.1586  -0.286138  -171.14
0.215091  0.144794  0.176227  64.8736  -1.15906  -0.457351  -168.5
0.216092  0.145035  0.241128  63.9731  -1.15968  -0.625922  -166.449
0.217092  0.14534  0.305128  63.2515  -1.16048  -0.792442  -164.988
0.218092  0.145709  0.368407  62.7087  -1.16143  -0.957499  -164.116
0.219093  0.14614  0.431142  62.3448  -1.16256  -1.12169  -163.835
0.220093  0.146634  0.493513  62.1597  -1.16384  -1.28559  -164.143
0.221094  0.14719  0.555699  62.1534  -1.16529  -1.4498  -165.04
0.222094  0.147808  0.617879  62.3259  -1.16691  -1.61491  -166.527
0.223095  0.148489  0.680231  62.6496  -1.16869  -1.78151  -168.527
0.224095  0.149232  0.742908  63.0326  -1.17064  -1.95011  -170.804
0.225095  0.150038  0.805967  63.2577  -1.17276  -2.12098  -172.822
0.226096  0.150908  0.869251  63.3092  -1.17506  -2.29388  -174.542
0.227096  0.151841  0.932587  63.1871  -1.17753  -2.4685  -175.964
0.228097  0.152837  0.995801  62.8915  -1.18017  -2.64453  -177.087
0.229097  0.153896  1.05872  62.4222  -1.183  -2.8217  -177.912
0.230097  0.155018  1.12117  61.7794  -1.186  -2.99968  -178.439
0.231098  0.156201  1.18297  60.9629  -1.18918  -3.1782  -178.668
0.232098  0.157446  1.24396  59.9729  -1.19254  -3.35694  -178.599
0.233099  0.15875  1.30396  58.8111  -1.19607  -3.53562  -178.236
0.234099  0.160114  1.3628  57.5484  -1.19979  -3.71393  -177.72
0.2351  0.161535  1.42037  56.2305  -1.20368  -3.89172  -177.116
0.2361  0.163012  1.47662  54.8576  -1.20775  -4.06891  -176.423
0.2371  0.164544  1.5315  53.4296  -1.212  -4.24541  -175.641
0.238101  0.16613  1.58496  51.9464  -1.21642  -4.42113  -174.771
0.239101  0.167767  1.63693  50.4082  -1.22102  -4.59597  -173.812
0.240102  0.169455  1.68735  48.8149  -1.22579  -4.76986  -172.765
0.241102  0.171192  1.73619  47.1665  -1.23074  -4.9427  -171.63
0.242103  0.172976  1.78338  45.4606  -1.23585  -5.1144  -170.401
0.243103  0.174806  1.82886  43.6773  -1.24114  -5.28487  -169.048
0.244103  0.176679  1.87255  41.9203  -1.2466  -5.45399  -167.861
0.245104  0.178595  1.91449  40.242  -1.25222  -5.62192  -166.984
0.246104  0.18055  1.95475  38.6424  -1.25801  -5.78898  -166.416
0.247105  0.182545  1.99341  37.1214  -1.26397  -5.95547  -166.158
0.248105  0.184576  2.03055  35.6792  -1.2701  -6.12169  -166.209
0.249106  0.186643  2.06624  34.3156  -1.27639  -6.28797  -166.57
0.250106  0.188744  2.10057  33.0307  -1.28284  -6.45461  -167.241
0.251106  0.190879  2.13361  31.8208  -1.28947  -6.62193  -168.213
0.252107  0.193045  2.16545  30.6811  -1.29626  -6.79021  -169.478
0.253107  0.195242  2.19614  29.6118  -1.30322  -6.95976  -171.036
0.254108  0.197469  2.22577  28.4608  -1.31036  -7.13087  -172.474
0.255108  0.199724  2.25424  27.0486  -1.31766  -7.30342  -173.307
0.256108  0.202007  2.2813  25.3749  -1.32514  -7.4768  -173.533
0.257109  0.204314  2.30669  23.4395  -1.3328  -7.6504  -173.152
0.258109  0.206645  2.33014  21.2425  -1.34062  -7.82363  -172.164
0.25911  0.208998  2.35139  18.7808  -1.34862  -7.99586  -170.595
0.26011  0.211369  2.37018  16.0473  -1.35679  -8.16653  -168.5
0.261111  0.213756  2.38623  13.0417  -1.36513  -8.3351  -165.882
0.262111  0.216157  2.39928  9.76397  -1.37364  -8.50106  -162.741
0.263111  0.218567  2.40905  6.21418  -1.3823  -8.66387  -159.078
0.264112  0.220983  2.41526  2.39229  -1.39113  -8.82301  -154.891
0.265112  0.223402  2.41766  -1.63223  -1.40011  -8.97797  -150.353
0.266113  0.225819  2.41602  -5.64221  -1.40925  -9.12838  -146.001
0.267113  0.22823  2.41038  -9.64467  -1.41852  -9.27445  -141.728
0.268114  0.230632  2.40073  -13.6752  -1.42794  -9.41624  -137.305
0.269114  0.23302  2.38705  -17.7342  -1.4375  -9.5536  -132.729
0.270114  0.23539  2.36931  -21.8216  -1.44719  -9.68639  -128
0.271115  0.237739  2.34748  -25.9376  -1.45701  -9.81444  -123.118
0.272115  0.240061  2.32153  -30.082  -1.46695  -9.93761  -118.083
0.273116  0.242353  2.29143  -34.2549  -1.47701  -10.0557  -112.896
0.274116  0.244612  2.25716  -38.4543  -1.48719  -10.1687  -107.552
0.275117  0.246831  2.21869  -42.6597  -1.49747  -10.2763  -101.954
0.276117  0.249008  2.17601  -46.8673  -1.50785  -10.3783  -96.0502
0.277117  0.251138  2.12913  -51.0772  -1.51833  -10.4744  -89.8411
0.278118  0.253217  2.07803  -55.2894  -1.5289  -10.5643  -83.3266
0.279118  0.255241  2.02272  -59.5039  -1.53955  -10.6476  -76.5068
0.280119  0.257205  1.96319  -63.7206  -1.55028  -10.7242  -69.3816
0.281119  0.259105  1.89944  -67.9396  -1.56108  -10.7936  -61.951
0.28212  0.260937  1.83147  -72.1216  -1.57194  -10.8555  -54.3018
0.28312  0.262697  1.75932  -76.1142  -1.58285  -10.9099  -46.769
0.28412  0.264381  1.68317  -79.8793  -1.59381  -10.9567  -39.4261
0.285121  0.265985  1.60326  -83.4109  -1.60481  -10.9961  -32.2838
0.286121  0.267506  1.51981  -86.709  -1.61585  -11.0284  -25.3421
0.287122  0.268939  1.43307  -89.7737  -1.6269  -11.0537  -18.601
0.288122  0.270283  1.34325  -92.6048  -1.63798  -11.0724  -12.0604
0.289122  0.271534  1.25061  -95.2024  -1.64907  -11.0844  -5.72045
0.290123  0.27269  1.15537  -97.574  -1.66016  -11.0901  0.44825
0.291123  0.273748  1.05775  -99.7435  -1.67126  -11.0897  6.54016
0.292124  0.274707  0.957967  -101.709  -1.68235  -11.0832  12.555
0.293124  0.275563  0.856215  -103.466  -1.69342  -11.0706  18.4832
0.294125  0.276316  0.752705  -105.014  -1.70448  -11.0521  24.3246
0.295125  0.276964  0.647646  -106.354  -1.71551  -11.0278  30.0793
0.296125  0.277506  0.541246  -107.485  -1.72651  -10.9977  35.7473
0.297126  0.27794  0.433716  -108.407  -1.73748  -10.9619  41.3285
0.298126  0.278265  0.325262  -109.123  -1.74841  -10.9206  46.8196
0.299127  0.278481  0.216094  -109.643  -1.75928  -10.8737  52.1957
0.300127  0.278588  0.106404  -109.967  -1.77011  -10.8215  57.4769
0.301128  0.278584  -0.00360973  -110.089  -1.78088  -10.764  62.7197
0.302128  0.27847  -0.113745  -110.007  -1.79158  -10.7013  67.9264
0.303128  0.278246  -0.223799  -109.723  -1.80222  -10.6333  73.097
0.304129  0.277913  -0.333568  -109.235  -1.81279  -10.5602  78.2315
0.305129  0.277469  -0.442849  -108.543  -1.82327  -10.4819  83.3299
0.30613  0.276918  -0.551439  -107.649  -1.83368  -10.3985  88.3921
0.30713  0.276258  -0.659133  -106.559  -1.84399  -10.3101  93.4224
0.308131  0.275492  -0.765738  -105.259  -1.85421  -10.2167  98.2791
0.309131  0.274621  -0.871041  -103.713  -1.86433  -10.1183  102.733
0.310131  0.273646  -0.974798  -101.92  -1.87435  -10.0156  106.782
0.311132  0.272569  -1.07676  -99.8809  -1.88427  -9.90873  110.425
0.312132  0.271391  -1.17668  -97.5956  -1.89407  -9.79826  113.663
0.313133  0.270116  -1.27432  -95.0638  -1.90376  -9.68455  116.496
0.314133  0.268746  -1.36943  -92.2858  -1.91333  -9.568  118.923
0.315133  0.267284  -1.46175  -89.2655  -1.92278  -9.44903  120.948
0.316134  0.265732  -1.55105  -86.0856  -1.93212  -9.32803  122.61
0.317134  0.264095  -1.63718  -82.7788  -1.94132  -9.20537  123.926
0.318135  0.262374  -1.71999  -79.3451  -1.95041  -9.08139  124.897
0.319135  0.260574  -1.79937  -75.7843  -1.95937  -8.95644  125.522
0.320136  0.258698  -1.87518  -72.0966  -1.9682  -8.83087  125.8
0.321136  0.25675  -1.94731  -68.2819  -1.97691  -8.70501  125.733
0.322136  0.254733  -2.01562  -64.3402  -1.9855  -8.57923  125.321
0.323137  0.252652  -2.07999  -60.3108  -1.99395  -8.45385  124.649
0.324137  0.250511  -2.14033  -56.3441  -2.00229  -8.32915  124.049
0.325138  0.248313  -2.19669  -52.4611  -2.01049  -8.20505  123.553
0.326138  0.246063  -2.24918  -48.665  -2.01858  -8.08144  123.162
0.327139  0.243764  -2.29786  -44.9556  -2.02654  -7.95823  122.876
0.328139  0.241421  -2.34284  -41.333  -2.03438  -7.8353  122.694
0.329139  0.239035  -2.38419  -37.7972  -2.0421  -7.71256  122.617
0.33014  0.236612  -2.422  -34.3481  -2.04969  -7.58989  122.645
0.33114  0.234155  -2.45636  -30.9784  -2.05716  -7.46719  122.748
0.332141  0.231666  -2.48736  -27.6639  -2.06451  -7.34439  122.832
0.333141  0.22915  -2.51503  -24.403  -2.07173  -7.22151  122.89
0.334142  0.22661  -2.53944  -21.2004  -2.07883  -7.09856  122.92
0.335142  0.224048  -2.56065  -18.0621  -2.08581  -6.97559  122.921
0.336142  0.221468  -2.57872  -14.988  -2.09267  -6.85262  122.891
0.337143  0.218874  -2.59372  -11.9782  -2.0994  -6.72968  122.833
0.338143  0.216267  -2.6057  -9.0327  -2.10601  -6.60679  122.744
0.339144  0.213651  -2.61474  -6.14982  -2.1125  -6.48399  122.63
0.340144  0.211029  -2.62089  -3.31761  -2.11886  -6.36131  122.514
0.341145  0.208404  -2.62421  -0.533674  -2.1251  -6.23875  122.401
0.342145  0.205778  -2.62474  2.20198  -2.13122  -6.11629  122.292
0.343145  0.203154  -2.62254  4.88912  -2.13722  -5.99395  122.187
0.344146  0.200535  -2.61765  7.52467  -2.14309  -5.87171  122.089
0.345146  0.197924  -2.61012  10.1077  -2.14884  -5.74957  121.997
0.346147  0.195323  -2.60001  12.6382  -2.15447  -5.62752  121.913
0.347147  0.192734  -2.58737  15.1162  -2.15998  -5.50556  121.836
0.348147  0.190161  -2.57224  17.549  -2.16537  -5.38367  121.761
0.349148  0.187605  -2.55469  19.9449  -2.17063  -5.26186  121.686
0.350148  0.18507  -2.53473  22.3037  -2.17577  -5.14012  121.609
0.351149  0.182556  -2.51242  24.6255  -2.18079  -5.01846  121.531
0.352149  0.180067  -2.48778  26.9103  -2.18569  -4.89688  121.451
0.35315  0.177605  -2.46086  29.156  -2.19047  -4.77538  121.367
0.35415  0.175173  -2.43169  31.335  -2.19513  -4.65396  121.251
0.35515  0.172771  -2.40035  33.4387  -2.19966  -4.53265  121.094
0.356151  0.170403  -2.36689  35.4675  -2.20407  -4.41151  120.896
0.357151  0.168071  -2.33141  37.4298  -2.20837  -4.29056  120.659
0.358152  0.165776  -2.29396  39.3289  -2.21254  -4.16985  120.382
0.359152  0.16352  -2.25462  41.1649  -2.21659  -4.04942  120.067
0.360153  0.161306  -2.21344  42.9379  -2.22052  -3.9293  119.713
0.361153  0.159135  -2.17048  44.6477  -2.22433  -3.80954  119.32
0.362153  0.157008  -2.12581  46.2945  -2.22802  -3.69016  118.889
0.363154  0.154928  -2.0795  47.8781  -2.2316  -3.57122  118.419
0.364154  0.152895  -2.0316  49.3992  -2.23505  -3.45276  117.914
0.365155  0.150912  -1.98218  50.8593  -2.23839  -3.33479  117.387
0.366155  0.14898  -1.9313  52.2653  -2.2416  -3.21736  116.839
0.367156  0.1471  -1.87901  53.6201  -2.24471  -3.10047  116.269
0.368156  0.145274  -1.82537  54.9237  -2.24769  -2.98415  115.678
0.369156  0.143503  -1.77042  56.1761  -2.25056  -2.86842  115.066
0.370157  0.141788  -1.71422  57.3773  -2.25332  -2.75331  114.432
0.371157  0.14013  -1.65682  58.5273  -2.25596  -2.63883  113.777
0.372158  0.138531  -1.59827  59.6261  -2.25848  -2.525  113.1
0.373158  0.136992  -1.53862  60.6737  -2.26089  -2.41185  112.402
0.374158  0.135514  -1.47792  61.6701  -2.26319  -2.2994  111.683
0.375159  0.134097  -1.41622  62.62  -2.26538  -2.18767  110.944
0.376159  0.132743  -1.35358  63.5279  -2.26746  -2.07668  110.223
0.37716  0.131452  -1.29002  64.3926  -2.26943  -1.96641  109.546
0.37816  0.130226  -1.2256  65.2141  -2.27129  -1.85682  108.912
0.379161  0.129065  -1.16036  65.9925  -2.27303  -1.74786  108.321
0.380161  0.12797  -1.09434  66.7277  -2.27467  -1.63949  107.772
0.381161  0.126942  -1.02758  67.4197  -2.27621  -1.53168  107.267
0.382162  0.125982  -0.960135  68.0685  -2.27763  -1.42436  106.804
0.383162  0.125089  -0.892038  68.6742  -2.27895  -1.31751  106.385
0.384163  0.124266  -0.823335  69.2369  -2.28016  -1.21108  106.008
0.385163  0.123511  -0.754069  69.7598  -2.28127  -1.10503  105.671
0.386164  0.122827  -0.684279  70.2437  -2.28227  -0.999315  105.374
0.387164  0.122212  -0.614006  70.6568  -2.28316  -0.893897  105.073
0.388164  0.121669  -0.543319  70.971  -2.28395  -0.788779  104.73
0.389165  0.121196  -0.472318  71.1861  -2.28463  -0.684004  104.347
0.390165  0.120795  -0.401102  71.3022  -2.28521  -0.579614  103.922
0.391166  0.120465  -0.329769  71.3194  -2.28569  -0.475648  103.455
0.392166  0.120207  -0.25842  71.2375  -2.28606  -0.372149  102.947
0.393167  0.120019  -0.187152  71.0567  -2.28633  -0.269158  102.398
0.394167  0.119903  -0.116065  70.7789  -2.2865  -0.166717  101.809
0.395167  0.119858  -0.0452562  70.4319  -2.28656  -0.0648644  101.21
0.396168  0.119883  0.0252055  70.0241  -2.28653  0.036389  100.61
0.397168  0.119979  0.0952592  69.5605  -2.28639  0.137042  100.016
0.398169  0.120143  0.164849  69.1061  -2.28615  0.2371  99.5376
0.399169  0.120378  0.233985  68.6809  -2.28582  0.33668  99.2079
0.40017  0.12068  0.302695  68.285  -2.28538  0.43593  99.0272
0.40117  0.121051  0.371009  67.9184  -2.28484  0.534999  98.9952
0.40217  0.121491  0.438956  67.5809  -2.28421  0.634036  99.1122
0.403171  0.121997  0.506565  67.2727  -2.28348  0.73319  99.378
0.404171  0.122572  0.573867  66.9938  -2.28264  0.83261  99.7926
0.405172  0.123213  0.640889  66.7436  -2.28171  0.932445  100.352
0.406172  0.123921  0.707661  66.5208  -2.28068  1.03284  101.044
0.407172  0.124695  0.77421  66.3251  -2.27954  1.13393  101.866
0.408173  0.125536  0.840563  66.1209  -2.27831  1.23584  102.773
0.409173  0.126443  0.906712  65.8376  -2.27697  1.33865  103.672
0.410174  0.127416  0.972577  65.4734  -2.27552  1.44237  104.562
0.411174  0.128455  1.03808  65.0281  -2.27398  1.54697  105.442
0.412175  0.129558  1.10313  64.5018  -2.27232  1.65246  106.312
0.413175  0.130726  1.16766  63.8946  -2.27056  1.75882  107.173
0.414175  0.131959  1.23158  63.2063  -2.2687  1.86604  108.024
0.415176  0.133254  1.29482  62.437  -2.26672  1.97411  108.865
0.416176  0.134612  1.35728  61.5867  -2.26464  2.08302  109.696
0.417177  0.136031  1.41889  60.6572  -2.26245  2.19276  110.48
0.418177  0.137512  1.47958  59.6595  -2.26014  2.30329  111.212
0.419178  0.139051  1.53926  58.6003  -2.25773  2.41455  111.902
0.420178  0.14065  1.59789  57.4796  -2.2552  2.5265  112.552
0.421178  0.142306  1.65539  56.2973  -2.25256  2.6391  113.161
0.422179  0.144019  1.71171  55.0536  -2.2498  2.7523  113.729
0.423179  0.145786  1.76679  53.7482  -2.24694  2.86608  114.256
0.42418  0.147607  1.82056  52.3814  -2.24396  2.98039  114.741
0.42518  0.149481  1.87296  50.953  -2.24086  3.09518  115.186
0.426181  0.151406  1.92394  49.4631  -2.23765  3.21041  115.591
0.427181  0.15338  1.97342  47.9082  -2.23432  3.32605  115.954
0.428181  0.155402  2.02135  46.3134  -2.23088  3.44205  116.319
0.429182  0.157471  2.06768  44.7066  -2.22732  3.55842  116.724
0.430182  0.159584  2.11241  43.088  -2.22364  3.67519  117.168
0.431183  0.161741  2.15552  41.4575  -2.21985  3.79241  117.652
0.432183  0.163939  2.19699  39.8152  -2.21593  3.91011  118.176
0.433183  0.166176  2.23682  38.1609  -2.2119  4.02834  118.74
0.434184  0.168452  2.275  36.4948  -2.20775  4.14713  119.344
0.435184  0.170765  2.31151  34.8167  -2.20349  4.26653  119.987
0.436185  0.173112  2.34634  33.1235  -2.1991  4.38656  120.67
0.437185  0.175493  2.37948  31.4087  -2.19459  4.50728  121.395
0.438186  0.177905  2.4109  29.6673  -2.18996  4.62873  122.151
0.439186  0.180346  2.44058  27.8342  -2.1852  4.75093  122.831
0.440186  0.182816  2.46843  25.8894  -2.18033  4.87382  123.402
0.441187  0.185311  2.49433  23.8329  -2.17533  4.99727  123.863
0.442187  0.18783  2.51817  21.6647  -2.17021  5.12119  124.214
0.443188  0.190371  2.53984  19.3848  -2.16496  5.24545  124.455
0.444188  0.192931  2.55924  16.9932  -2.15959  5.36996  124.587
0.445189  0.195509  2.57624  14.4818  -2.15409  5.4946  124.609
0.446189  0.198101  2.59073  11.8444  -2.14847  5.61926  124.525
0.447189  0.200704  2.60258  9.08127  -2.14272  5.74384  124.332
0.44819  0.203317  2.61166  6.19223  -2.13685  5.86822  124.031
0.44919  0.205936  2.61786  3.21303  -2.13086  5.99231  123.669
0.450191  0.208558  2.62107  0.214258  -2.12474  6.11603  123.338
0.451191  0.211181  2.62128  -2.80218  -2.1185  6.23942  123.039
0.452192  0.2138  2.61848  -5.83628  -2.11213  6.36251  122.773
0.453192  0.216414  2.61264  -8.89073  -2.10564  6.48534  122.538
0.454192  0.219019  2.60375  -11.9772  -2.09903  6.60793  122.329
0.455193  0.221612  2.59177  -15.0972  -2.0923  6.73031  122.144
0.456193  0.224189  2.57666  -18.2505  -2.08544  6.8525  121.984
0.457194  0.226749  2.5584  -21.4372  -2.07847  6.97454  121.849
0.458194  0.229287  2.53696  -24.6575  -2.07137  7.09644  121.738
0.459195  0.2318  2.51229  -27.9213  -2.06414  7.21823  121.634
0.460195  0.234286  2.48436  -31.2351  -2.0568  7.33991  121.525
0.461195  0.23674  2.45311  -34.6006  -2.04934  7.46149  121.412
0.462196  0.239159  2.41849  -38.0361  -2.04175  7.58295  121.319
0.463196  0.241541  2.38044  -41.5474  -2.03404  7.70432  121.251
0.464197  0.243881  2.33888  -45.1344  -2.02621  7.82563  121.21
0.465197  0.246175  2.29372  -48.7971  -2.01826  7.94689  121.194
0.466197  0.248421  2.2449  -52.5357  -2.01019  8.06813  121.204
0.467198  0.250615  2.19235  -56.35  -2.002  8.18939  121.24
0.468198  0.252751  2.13597  -60.2364  -1.99369  8.31068  121.302
0.469199  0.254828  2.07571  -64.1781  -1.98525  8.43203  121.378
0.470199  0.25684  2.0115  -68.0361  -1.97669  8.55346  121.309
0.4712  0.258785  1.94344  -71.7667  -1.96801  8.67482  121.044
0.4722  0.260657  1.87164  -75.3699  -1.95921  8.79592  120.584
0.4732  0.262454  1.79624  -78.8457  -1.95029  8.91655  119.928
0.474201  0.264172  1.71736  -82.1942  -1.94125  9.03653  119.077
0.475201  0.265808  1.63513  -85.4153  -1.93209  9.15566  118.031
0.476202  0.267358  1.54968  -88.509  -1.92282  9.27374  116.789
0.477202  0.26882  1.46113  -91.4604  -1.91342  9.39058  115.329
0.478203  0.27019  1.36964  -94.2098  -1.90391  9.50596  113.545
0.479203  0.271466  1.27539  -96.7505  -1.89429  9.61955  111.425
0.480203  0.272645  1.17859  -99.0825  -1.88455  9.73102  108.969
0.481204  0.273725  1.07947  -101.206  -1.87471  9.84004  106.177
0.482204  0.274704  0.978221  -103.121  -1.86476  9.94626  103.048
0.483205  0.275579  0.875057  -104.827  -1.8547  10.0494  99.5825
0.484205  0.27635  0.770186  -106.324  -1.84455  10.149  95.781
0.485206  0.277014  0.663817  -107.614  -1.8343  10.2448  91.7194
0.486206  0.27757  0.556157  -108.691  -1.82396  10.3366  87.4969
0.487206  0.278018  0.447421  -109.548  -1.81353  10.4241  83.1133
0.488207  0.278356  0.337826  -110.187  -1.80302  10.5072  78.5684
0.489207  0.278584  0.227593  -110.606  -1.79243  10.5858  73.8624
0.490208  0.278701  0.11694  -110.805  -1.78177  10.6597  68.9952
0.491208  0.278707  0.00608799  -110.786  -1.77103  10.7288  63.9668
0.492208  0.278602  -0.104745  -110.547  -1.76024  10.7928  58.7783
0.493209  0.278386  -0.215339  -110.109  -1.74938  10.8516  53.4766
0.494209  0.278061  -0.325494  -109.478  -1.73847  10.9051  48.0889
0.49521  0.277626  -0.435019  -108.644  -1.72751  10.9532  42.6212
0.49621  0.277082  -0.543708  -107.604  -1.71651  10.9958  37.0742
0.497211  0.27643  -0.651358  -106.359  -1.70547  11.0329  31.448
0.498211  0.275672  -0.757762  -104.909  -1.69441  11.0644  25.7423
0.499211  0.274809  -0.862716  -103.253  -1.68331  11.0901  19.9574
0.500212  0.273842  -0.966013  -101.393  -1.6722  11.1101  14.0929
0.501212  0.272775  -1.06745  -99.3315  -1.66107  11.1242  8.13976
0.502213  0.271607  -1.16682  -97.0701  -1.64993  11.1323  2.0917
0.503213  0.270343  -1.26393  -94.5903  -1.63879  11.1344  -4.07364
0.504214  0.268984  -1.35856  -91.8863  -1.62766  11.1303  -10.3632
0.505214  0.267532  -1.45049  -88.9581  -1.61653  11.12  -16.7769
0.506214  0.265992  -1.53948  -85.8057  -1.60542  11.1032  -23.3149
0.507215  0.264366  -1.62533  -82.4291  -1.59434  11.0799  -29.977
0.508215  0.262658  -1.70779  -78.8284  -1.58328  11.0499  -36.7634
0.509216  0.26087  -1.78665  -75.007  -1.57227  11.0131  -43.6719
0.510216  0.259008  -1.86169  -70.9787  -1.56129  10.9694  -50.6889
0.511217  0.257074  -1.9327  -66.8821  -1.55037  10.9187  -57.6551
0.512217  0.255074  -1.99961  -62.761  -1.5395  10.861  -64.5202
0.513217  0.253011  -2.0624  -58.6153  -1.5287  10.7965  -71.2843
0.514218  0.250889  -2.12104  -54.445  -1.51797  10.7251  -77.9474
0.515218  0.248712  -2.17551  -50.2501  -1.50732  10.6472  -84.5096
0.516219  0.246486  -2.22578  -46.0307  -1.49675  10.5626  -90.9707
0.517219  0.244213  -2.27183  -41.788  -1.48628  10.4716  -97.3292
0.51822  0.241898  -2.31363  -37.5392  -1.4759  10.3742  -103.555
0.51922  0.239546  -2.35119  -33.3378  -1.46562  10.2706  -109.545
0.52022  0.23716  -2.38454  -29.1907  -1.45546  10.161  -115.284
0.521221  0.234746  -2.41374  -25.0976  -1.44541  10.0457  -120.774
0.522221  0.232306  -2.43885  -21.0587  -1.43548  9.92489  -126.014
0.523222  0.229845  -2.45992  -17.0739  -1.42568  9.79882  -131.003
0.524222  0.227367  -2.477  -13.1432  -1.416  9.66777  -135.743
0.525222  0.224876  -2.49015  -9.26661  -1.40647  9.53196  -140.234
0.526223  0.222375  -2.49942  -5.46056  -1.39707  9.39167  -144.509
0.527223  0.219869  -2.50488  -1.75134  -1.38782  9.2471  -148.606
0.528224  0.217361  -2.50664  1.86074  -1.37872  9.09843  -152.524
0.529224  0.214856  -2.50477  5.37565  -1.36977  8.94584  -156.263
0.530225  0.212355  -2.4994  8.79341  -1.36098  8.78951  -159.823
0.531225  0.209864  -2.4906  12.114  -1.35234  8.62962  -163.204
0.532225  0.207384  -2.47848  15.3375  -1.34387  8.46635  -166.406
0.533226  0.20492  -2.46314  18.4642  -1.33557  8.29987  -169.43
0.534226  0.202474  -2.44466  21.5131  -1.32744  8.13037  -172.323
0.535227  0.20005  -2.42314  24.4888  -1.31948  7.95798  -175.1
0.536227  0.19765  -2.39864  27.3578  -1.31169  7.7828  -177.705
0.537228  0.195278  -2.37127  30.1147  -1.30408  7.60502  -180.129
0.538228  0.192936  -2.34115  32.7595  -1.29665  7.42481  -182.371
0.539228  0.190627  -2.30837  35.2924  -1.28941  7.24237  -184.431
0.540229  0.188353  -2.27306  37.7131  -1.28235  7.05786  -186.309
0.541229  0.186116  -2.23534  40.022  -1.27547  6.87147  -188.006
0.54223  0.18392  -2.1953  42.2233  -1.26879  6.68338  -189.511
0.54323  0.181766  -2.15306  44.3193  -1.26229  6.49379  -190.821
0.544231  0.179656  -2.10872  46.3098  -1.25598  6.30289  -191.935
0.545231  0.177593  -2.06239  48.1971  -1.24987  6.11087  -192.86
0.546231  0.175578  -2.01417  50.0164  -1.24395  5.91793  -193.694
0.547232  0.173613  -1.96413  51.7804  -1.23822  5.72416  -194.471
0.548232  0.1717  -1.91233  53.4891  -1.23269  5.5296  -195.194
0.549233  0.16984  -1.85882  55.1426  -1.22735  5.33433  -195.86
0.550233  0.168036  -1.80365  56.7444  -1.22221  5.13838  -196.473
0.551233  0.166288  -1.74688  58.2979  -1.21727  4.94183  -197.035
0.552234  0.164599  -1.68856  59.803  -1.21252  4.74471  -197.545
0.553234  0.16297  -1.62873  61.2598  -1.20797  4.54708  -198.003
0.554235  0.161402  -1.56745  62.6683  -1.20362  4.34899  -198.409
0.555235  0.159896  -1.50475  64.0284  -1.19947  4.1505  -198.764
0.556236  0.158455  -1.4407  65.3394  -1.19552  3.95165  -199.067
0.557236  0.157079  -1.37533  66.5771  -1.19176  3.7525  -199.321
0.558236  0.15577  -1.30872  67.7304  -1.18821  3.5531  -199.53
0.559237  0.154528  -1.24097  68.8045  -1.18485  3.35348  -199.701
0.560237  0.153356  -1.17213  69.8001  -1.1817  3.1537  -199.834
0.561238  0.152253  -1.1023  70.717  -1.17874  2.95378  -199.928
0.562238  0.151221  -1.03156  71.5552  -1.17599  2.75376  -199.985
0.563239  0.15026  -0.95997  72.3149  -1.17343  2.55369  -200.003
0.564239  0.149372  -0.887624  72.9959  -1.17108  2.35361  -199.984
0.565239  0.148557  -0.814597  73.5984  -1.16893  2.15354  -199.926
0.56624  0.147816  -0.740968  74.1062  -1.16697  1.95353  -199.787
0.56724  0.147149  -0.66683  74.4138  -1.16522  1.75366  -199.268
0.568241  0.146556  -0.592385  74.5234  -1.16366  1.5543  -198.362
0.569241  0.146038  -0.51783  74.4354  -1.16231  1.35586  -197.07
0.570242  0.145595  -0.443363  74.1496  -1.16115  1.1587  -195.392
0.571242  0.145226  -0.369182  73.6662  -1.16018  0.963228  -193.328
0.572242  0.14493  -0.295484  72.9852  -1.15941  0.769818  -190.878
0.573243  0.144707  -0.222468  72.1064  -1.15883  0.578859  -188.042
0.574243  0.144557  -0.150331  71.03  -1.15844  0.390737  -184.82
0.575244  0.144478  -0.0792711  69.756  -1.15824  0.205838  -181.213
0.576244  0.144468  -0.00948553  68.2961  -1.15821  0.0245487  -177.245
0.577245  0.144527  0.0588395  66.9009  -1.15837  -0.152771  -173.563
0.578245  0.144653  0.125769  65.6846  -1.15869  -0.326408  -170.47
0.579245  0.144844  0.191481  64.6471  -1.15919  -0.49695  -167.968
0.580246  0.145101  0.256156  63.7884  -1.15985  -0.664989  -166.055
0.581246  0.145421  0.319971  63.1086  -1.16069  -0.831114  -164.731
0.582247  0.145804  0.383107  62.6076  -1.16168  -0.995915  -163.998
0.583247  0.14625  0.445741  62.2855  -1.16284  -1.15998  -163.854
0.584247  0.146758  0.508053  62.1422  -1.16417  -1.32391  -164.3
0.585248  0.147329  0.570221  62.1777  -1.16566  -1.48828  -165.335
0.586248  0.147961  0.632425  62.3901  -1.16731  -1.65368  -166.954
0.587249  0.148657  0.694842  62.7439  -1.16913  -1.82071  -169.059
0.588249  0.149414  0.757612  63.1008  -1.17112  -1.98984  -171.302
0.58925  0.150236  0.82074  63.2853  -1.17328  -2.16121  -173.251
0.59025  0.15112  0.884052  63.2962  -1.17562  -2.33453  -174.901
0.59125  0.152068  0.947375  63.1336  -1.17813  -2.50951  -176.253
0.592251  0.153079  1.01054  62.7973  -1.18082  -2.68584  -177.307
0.593251  0.154153  1.07336  62.2875  -1.18368  -2.86322  -178.062
0.594252  0.155289  1.13567  61.6041  -1.18672  -3.04136  -178.519
0.595252  0.156486  1.1973  60.7471  -1.18995  -3.21995  -178.679
0.596253  0.157745  1.25808  59.7165  -1.19335  -3.39871  -178.54
0.597253  0.159063  1.31782  58.521  -1.19692  -3.57732  -178.123
0.598253  0.16044  1.37636  57.2453  -1.20068  -3.75552  -177.587
0.599254  0.161875  1.43363  55.9146  -1.20462  -3.93318  -176.962
0.600254  0.163365  1.48957  54.5288  -1.20873  -4.11022  -176.248
0.601255  0.16491  1.54412  53.0879  -1.21302  -4.28654  -175.446
0.602255  0.166508  1.59723  51.5919  -1.21748  -4.46206  -174.555
0.603256  0.168157  1.64885  50.0408  -1.22212  -4.63669  -173.576
0.604256  0.169857  1.69891  48.4346  -1.22693  -4.81034  -172.508
0.605256  0.171605  1.74736  46.7733  -1.23192  -4.98292  -171.351
0.606257  0.1734  1.79416  45.0508  -1.23707  -5.15434  -170.096
0.607257  0.17524  1.83923  43.2596  -1.2424  -5.32451  -168.743
0.608258  0.177123  1.88251  41.521  -1.2479  -5.49333  -167.629
0.609258  0.179048  1.92404  39.8611  -1.25356  -5.66103  -166.824
0.610259  0.181013  1.96392  38.2799  -1.25939  -5.82792  -166.328
0.611259  0.183016  2.00222  36.7773  -1.26539  -5.99432  -166.142
0.612259  0.185056  2.03901  35.3534  -1.27155  -6.16053  -166.266
0.61326  0.187131  2.07438  34.0082  -1.27788  -6.32687  -166.699
0.61426  0.18924  2.1084  32.7416  -1.28438  -6.49364  -167.442
0.615261  0.191382  2.14116  31.5481  -1.29104  -6.66115  -168.483
0.616261  0.193556  2.17272  30.4249  -1.29787  -6.8297  -169.816
0.617261  0.19576  2.20316  29.366  -1.30488  -6.99959  -171.425
0.618262  0.197993  2.23254  28.1542  -1.31205  -7.17109  -172.723
0.619262  0.200255  2.2607  26.6809  -1.3194  -7.34389  -173.414
0.620263  0.202543  2.28739  24.946  -1.32692  -7.51737  -173.498
0.621263  0.204857  2.31235  22.9494  -1.33461  -7.69095  -172.975
0.622264  0.207193  2.33531  20.6913  -1.34248  -7.86399  -171.846
0.623264  0.20955  2.35601  18.1663  -1.35052  -8.03591  -170.152
0.624264  0.211925  2.37418  15.3692  -1.35873  -8.20614  -167.935
0.625265  0.214316  2.38956  12.3  -1.3671  -8.37414  -165.195
0.626265  0.216719  2.40186  8.9587  -1.37565  -8.53941  -161.932
0.627266  0.219131  2.41083  5.34531  -1.38435  -8.70141  -158.146
0.628266  0.221548  2.41617  1.45983  -1.39322  -8.85962  -153.837
0.629267  0.223966  2.41763  -2.57212  -1.40223  -9.01352  -149.316
0.630267  0.226383  2.41506  -6.57542  -1.4114  -9.1629  -145.014
0.631267  0.228792  2.40848  -10.5841  -1.42071  -9.30798  -140.708
0.632268  0.231191  2.39789  -14.6213  -1.43017  -9.44875  -136.249
0.633268  0.233575  2.38327  -18.6869  -1.43975  -9.58505  -131.638
0.634269  0.235941  2.36457  -22.7811  -1.44948  -9.71675  -126.873
0.635269  0.238284  2.34178  -26.9037  -1.45932  -9.84367  -121.955
0.63627  0.240599  2.31487  -31.0547  -1.46929  -9.96568  -116.885
0.63727  0.242884  2.2838  -35.2343  -1.47938  -10.0826  -111.661
0.63827  0.245134  2.24855  -39.437  -1.48958  -10.1943  -106.271
0.639271  0.247344  2.2091  -43.6429  -1.49988  -10.3006  -100.601
0.640271  0.24951  2.16543  -47.851  -1.51029  -10.4013  -94.6263
0.641272  0.251629  2.11756  -52.0615  -1.52079  -10.496  -88.3459
0.642272  0.253695  2.06548  -56.2742  -1.53138  -10.5843  -81.76
0.643272  0.255705  2.00918  -60.4892  -1.54205  -10.6661  -74.8688
0.644273  0.257654  1.94867  -64.7064  -1.55279  -10.741  -67.6723
0.645273  0.259539  1.88393  -68.926  -1.56361  -10.8087  -60.1703
0.646274  0.261355  1.81498  -73.0733  -1.57448  -10.8689  -52.5274
0.647274  0.263098  1.74187  -77.015  -1.58541  -10.9215  -45.0349
0.648275  0.264763  1.66483  -80.7256  -1.59638  -10.9665  -37.7389
0.649275  0.266348  1.58407  -84.2026  -1.60739  -11.0043  -30.6435
0.650275  0.267848  1.49983  -87.4462  -1.61843  -11.0349  -23.7487
0.651276  0.269261  1.41234  -90.4563  -1.62949  -11.0587  -17.0544
0.652276  0.270584  1.32185  -93.2328  -1.64057  -11.0758  -10.5607
0.653277  0.271813  1.22858  -95.7759  -1.65166  -11.0863  -4.26762
0.654277  0.272946  1.13276  -98.099  -1.66276  -11.0906  1.87825
0.655278  0.273981  1.03462  -100.222  -1.67385  -11.0887  7.95366
0.656278  0.274916  0.934356  -102.138  -1.68494  -11.0808  13.9483
0.657278  0.275748  0.832175  -103.847  -1.69601  -11.0668  19.8562
0.658279  0.276477  0.728284  -105.346  -1.70706  -11.0469  25.6773
0.659279  0.2771  0.622893  -106.637  -1.71809  -11.0213  31.4118
0.66028  0.277616  0.516211  -107.719  -1.72908  -10.9898  37.0595
0.66128  0.278025  0.408446  -108.593  -1.74004  -10.9528  42.6204
0.662281  0.278325  0.299807  -109.261  -1.75095  -10.9101  48.0868
0.663281  0.278516  0.190499  -109.737  -1.76182  -10.862  53.4349
0.664281  0.278596  0.0807159  -110.014  -1.77263  -10.8085  58.7054
0.665282  0.278567  -0.0293447  -110.088  -1.78339  -10.7498  63.9398
0.666282  0.278427  -0.139479  -109.959  -1.79408  -10.6859  69.1381
0.667283  0.278178  -0.249485  -109.627  -1.8047  -10.6167  74.3003
0.668283  0.277819  -0.359158  -109.091  -1.81524  -10.5424  79.4263
0.669284  0.27735  -0.468295  -108.353  -1.82571  -10.4629  84.5162
0.670284  0.276773  -0.576694  -107.411  -1.83609  -10.3783  89.5703
0.671284  0.276089  -0.684151  -106.277  -1.84639  -10.2887  94.5917
0.672285  0.275298  -0.790473  -104.92  -1.85659  -10.1941  99.3564
0.673285  0.274402  -0.895437  -103.316  -1.86668  -10.0947  103.716
0.674286  0.273403  -0.998796  -101.465  -1.87668  -9.99094  107.67
0.675286  0.272302  -1.1003  -99.3688  -1.88657  -9.88323  111.218
0.676286  0.271102  -1.19972  -97.0259  -1.89634  -9.77196  114.362
0.677287  0.269804  -1.29678  -94.4366  -1.90601  -9.65755  117.1
0.678287  0.268413  -1.39126  -91.601  -1.91555  -9.5404  119.432
0.679288  0.266929  -1.4829  -88.5337  -1.92497  -9.42092  121.367
0.680288  0.265357  -1.57147  -85.3242  -1.93428  -9.2995  122.948
0.681289  0.263699  -1.65683  -81.9877  -1.94346  -9.1765  124.184
0.682289  0.26196  -1.73885  -78.5242  -1.95251  -9.05226  125.074
0.683289  0.260142  -1.81741  -74.9338  -1.96145  -8.92714  125.618
0.68429  0.258249  -1.89238  -71.2164  -1.97025  -8.80147  125.816
0.68529  0.256284  -1.96362  -67.372  -1.97893  -8.6756  125.668
0.686291  0.254252  -2.03102  -63.4006  -1.98748  -8.54988  125.174
0.687291  0.252157  -2.09445  -59.3768  -1.99591  -8.42465  124.499
0.688292  0.250002  -2.15385  -55.4288  -2.00422  -8.3001  123.923
0.689292  0.247792  -2.20931  -51.5661  -2.01239  -8.17612  123.452
0.690292  0.24553  -2.26089  -47.7903  -2.02045  -8.05262  123.086
0.691293  0.24322  -2.3087  -44.1012  -2.02838  -7.92948  122.824
0.692293  0.240866  -2.35282  -40.4989  -2.03619  -7.8066  122.667
0.693294  0.238472  -2.39334  -36.9833  -2.04388  -7.68388  122.614
0.694294  0.236041  -2.43034  -33.5545  -2.05145  -7.56122  122.666
0.695295  0.233576  -2.46391  -30.1989  -2.05889  -7.4385  122.77
0.696295  0.231081  -2.49412  -26.897  -2.06621  -7.31568  122.848
0.697295  0.228559  -2.52103  -23.6488  -2.0734  -7.19278  122.9
0.698296  0.226013  -2.54469  -20.4612  -2.08047  -7.06983  122.923
0.699296  0.223447  -2.56516  -17.3379  -2.08742  -6.94685  122.916
0.700297  0.220863  -2.5825  -14.2788  -2.09425  -6.82388  122.88
0.701297  0.218265  -2.59679  -11.284  -2.10095  -6.70095  122.815
0.702297  0.215656  -2.60807  -8.35356  -2.10754  -6.57808  122.719
0.703298  0.213038  -2.61643  -5.48357  -2.11399  -6.45531  122.602
0.704298  0.210415  -2.62192  -2.66264  -2.12033  -6.33266  122.487
0.705299  0.20779  -2.62458  0.110014  -2.12654  -6.21012  122.376
0.706299  0.205164  -2.62447  2.83439  -2.13263  -6.08769  122.267
0.7073  0.202541  -2.62164  5.50979  -2.1386  -5.96537  122.164
0.7083  0.199924  -2.61612  8.13306  -2.14445  -5.84316  122.067
0.7093  0.197315  -2.60799  10.7038  -2.15017  -5.72104  121.977
0.710301  0.194717  -2.59728  13.222  -2.15577  -5.59901  121.894
0.711301  0.192131  -2.58405  15.6881  -2.16125  -5.47706  121.818
0.712302  0.189562  -2.56836  18.1123  -2.16661  -5.35519  121.744
0.713302  0.187011  -2.55024  20.4995  -2.17184  -5.2334  121.668
0.714303  0.18448  -2.52973  22.8497  -2.17696  -5.11168  121.591
0.715303  0.181972  -2.50687  25.1628  -2.18195  -4.99004  121.512
0.716303  0.179489  -2.4817  27.439  -2.18682  -4.86847  121.432
0.717304  0.177034  -2.45425  29.672  -2.19157  -4.74699  121.344
0.718304  0.174608  -2.42456  31.8334  -2.1962  -4.62559  121.218
0.719305  0.172215  -2.39271  33.9195  -2.2007  -4.50432  121.052
0.720305  0.169855  -2.35878  35.9318  -2.20509  -4.38322  120.844
0.721306  0.167531  -2.32283  37.8793  -2.20935  -4.26233  120.597
0.722306  0.165245  -2.28494  39.7637  -2.21349  -4.14168  120.312
0.723306  0.162999  -2.24516  41.5849  -2.21752  -4.02131  119.988
0.724307  0.160794  -2.20355  43.3431  -2.22142  -3.90128  119.625
0.725307  0.158633  -2.16019  45.0382  -2.2252  -3.7816  119.223
0.726308  0.156517  -2.11514  46.6703  -2.22887  -3.66233  118.783
0.727308  0.154448  -2.06845  48.2392  -2.23241  -3.54349  118.303
0.728309  0.152427  -2.02019  49.7458  -2.23584  -3.42514  117.793
0.729309  0.150456  -1.97042  51.1924  -2.23915  -3.3073  117.261
0.730309  0.148536  -1.9192  52.5865  -2.24234  -3.18999  116.708
0.73131  0.146668  -1.8666  53.9293  -2.24541  -3.07323  116.133
0.73231  0.144855  -1.81264  55.221  -2.24837  -2.95705  115.537
0.733311  0.143097  -1.7574  56.4614  -2.25121  -2.84146  114.92
0.734311  0.141395  -1.70091  57.6506  -2.25394  -2.72649  114.281
0.735311  0.139751  -1.64324  58.7887  -2.25656  -2.61216  113.621
0.736312  0.138166  -1.58443  59.8755  -2.25906  -2.49849  112.939
0.737312  0.136641  -1.52452  60.9111  -2.26144  -2.38551  112.236
0.738313  0.135177  -1.46359  61.8957  -2.26372  -2.27322  111.512
0.739313  0.133774  -1.40167  62.8361  -2.26588  -2.16167  110.772
0.740314  0.132435  -1.3388  63.7339  -2.26793  -2.05085  110.061
0.741314  0.131159  -1.27504  64.5885  -2.26987  -1.94074  109.394
0.742314  0.129949  -1.21043  65.3999  -2.2717  -1.8313  108.77
0.743315  0.128803  -1.145  66.1682  -2.27343  -1.72248  108.189
0.744315  0.127724  -1.0788  66.8932  -2.27504  -1.61425  107.65
0.745316  0.126711  -1.01188  67.5752  -2.27655  -1.50655  107.155
0.746316  0.125767  -0.944277  68.2139  -2.27795  -1.39935  106.702
0.747317  0.12489  -0.876034  68.8095  -2.27924  -1.2926  106.293
0.748317  0.124083  -0.807196  69.3626  -2.28043  -1.18627  105.926
0.749317  0.123345  -0.737804  69.8764  -2.28151  -1.0803  105.598
0.750318  0.122677  -0.667898  70.3491  -2.28249  -0.974652  105.307
0.751318  0.122079  -0.597519  70.7391  -2.28335  -0.869301  104.996
0.752319  0.121552  -0.526749  71.0301  -2.28412  -0.76426  104.644
0.753319  0.121096  -0.455689  71.2221  -2.28478  -0.659571  104.251
0.75432  0.120711  -0.384437  71.3151  -2.28533  -0.555276  103.816
0.75532  0.120398  -0.313092  71.3091  -2.28579  -0.451415  103.34
0.75632  0.120156  -0.241752  71.2041  -2.28613  -0.348031  102.823
0.757321  0.119986  -0.170518  71.0001  -2.28638  -0.245165  102.264
0.758321  0.119886  -0.0994878  70.7032  -2.28652  -0.142858  101.67
0.759322  0.119857  -0.0287546  70.342  -2.28656  -0.0411458  101.07
0.760322  0.119899  0.0416172  69.92  -2.2865  0.0599673  100.469
0.761322  0.120011  0.111567  69.4517  -2.28634  0.160479  99.8909
0.762323  0.120192  0.181048  69.0041  -2.28608  0.260412  99.4472
0.763323  0.120442  0.250081  68.5858  -2.28572  0.359902  99.1524
0.764324  0.120761  0.318696  68.1967  -2.28526  0.459096  99.0064
0.765324  0.121148  0.386922  67.8369  -2.28471  0.558144  99.0093
0.766325  0.121603  0.454787  67.5063  -2.28405  0.657196  99.161
0.767325  0.122125  0.522322  67.2049  -2.28329  0.756399  99.4616
0.768325  0.122715  0.589556  66.9328  -2.28243  0.855902  99.911
0.769326  0.123372  0.656517  66.6891  -2.28148  0.955856  100.502
0.770326  0.124096  0.723234  66.4726  -2.28042  1.0564  101.224
0.771327  0.124886  0.789735  66.2832  -2.27926  1.15767  102.077
0.772327  0.125742  0.856046  66.062  -2.278  1.25979  102.984
0.773328  0.126665  0.922136  65.7598  -2.27664  1.36282  103.881
0.774328  0.127653  0.987924  65.3766  -2.27517  1.46674  104.769
0.775328  0.128707  1.05333  64.9124  -2.2736  1.57155  105.646
0.776329  0.129825  1.11827  64.3672  -2.27192  1.67724  106.514
0.777329  0.131009  1.18266  63.741  -2.27014  1.7838  107.373
0.77833  0.132256  1.24643  63.0337  -2.26825  1.89122  108.221
0.77933  0.133566  1.30949  62.2455  -2.26625  1.99949  109.06
0.780331  0.134938  1.37176  61.3765  -2.26414  2.1086  109.885
0.781331  0.136372  1.43317  60.4296  -2.26192  2.21853  110.655
0.782331  0.137866  1.49362  59.4175  -2.25959  2.32923  111.377
0.783332  0.13942  1.55306  58.3439  -2.25714  2.44065  112.058
0.784332  0.141032  1.61143  57.2088  -2.25459  2.55276  112.698
0.785333  0.142701  1.66866  56.0122  -2.25192  2.6655  113.297
0.786333  0.144427  1.7247  54.754  -2.24914  2.77885  113.855
0.787334  0.146207  1.77948  53.4343  -2.24625  2.89275  114.373
0.788334  0.148041  1.83293  52.0531  -2.24324  3.00717  114.849
0.789334  0.149926  1.88501  50.6103  -2.24012  3.12207  115.285
0.790335  0.151863  1.93564  49.1061  -2.23688  3.23741  115.679
0.791335  0.153848  1.98477  47.5366  -2.23352  3.35313  116.035
0.792336  0.155882  2.03233  45.9389  -2.23005  3.46922  116.41
0.793336  0.157961  2.07828  44.3294  -2.22647  3.58568  116.824
0.794336  0.160084  2.12263  42.708  -2.22276  3.70255  117.278
0.795337  0.162251  2.16536  41.0748  -2.21894  3.81988  117.771
0.796337  0.164458  2.20645  39.4296  -2.215  3.9377  118.305
0.797338  0.166705  2.2459  37.7726  -2.21094  4.05605  118.878
0.798338  0.168989  2.28369  36.1036  -2.20677  4.17498  119.491
0.799339  0.17131  2.3198  34.4228  -2.20247  4.29452  120.144
0.800339  0.173665  2.35424  32.7246  -2.19805  4.41472  120.837
0.801339  0.176053  2.38698  31.0048  -2.19352  4.53561  121.57
0.80234  0.178472  2.418  29.2488  -2.18886  4.65723  122.32
0.80334  0.180921  2.44726  27.3896  -2.18408  4.7796  122.975
0.804341  0.183396  2.47466  25.4187  -2.17917  4.90263  123.519
0.805341  0.185898  2.50009  23.3362  -2.17414  5.0262  123.954
0.806342  0.188422  2.52344  21.1419  -2.16899  5.15021  124.279
0.807342  0.190968  2.54459  18.836  -2.16371  5.27454  124.494
0.808342  0.193532  2.56343  16.4177  -2.15831  5.39908  124.6
0.809343  0.196113  2.57986  13.8769  -2.15279  5.52374  124.597
0.810343  0.198708  2.59374  11.2101  -2.14714  5.64839  124.487
0.811344  0.201314  2.60495  8.41751  -2.14136  5.77293  124.269
0.812344  0.203929  2.61337  5.4991  -2.13546  5.89725  123.945
0.813345  0.206549  2.61888  2.51375  -2.12944  6.02125  123.589
0.814345  0.209171  2.62139  -0.489311  -2.12329  6.14489  123.267
0.815345  0.211793  2.6209  -3.51007  -2.11702  6.26821  122.977
0.816346  0.214412  2.61739  -6.54853  -2.11062  6.39124  122.721
0.817346  0.217024  2.61084  -9.6099  -2.10411  6.51401  122.495
0.818347  0.219626  2.60122  -12.7043  -2.09747  6.63656  122.292
0.819347  0.222216  2.58851  -15.8319  -2.09071  6.7589  122.112
0.820347  0.224789  2.57268  -18.9928  -2.08382  6.88106  121.955
0.821348  0.227344  2.55367  -22.187  -2.07682  7.00307  121.822
0.822348  0.229877  2.53148  -25.4154  -2.06969  7.12494  121.71
0.823349  0.232384  2.50605  -28.6902  -2.06244  7.24671  121.598
0.824349  0.234862  2.47735  -32.015  -2.05507  7.36836  121.479
0.82535  0.237308  2.44532  -35.3939  -2.04757  7.48989  121.36
0.82635  0.239719  2.40991  -38.8468  -2.03996  7.6113  121.269
0.82735  0.242091  2.37105  -42.376  -2.03222  7.73262  121.21
0.828351  0.244421  2.32866  -45.9815  -2.02437  7.85388  121.183
0.829351  0.246705  2.28265  -49.6634  -2.01639  7.97511  121.187
0.830352  0.248939  2.23297  -53.4216  -2.00829  8.09635  121.223
0.831352  0.251119  2.17953  -57.2562  -2.00007  8.21763  121.291
0.832353  0.253242  2.12224  -61.1613  -1.99172  8.33897  121.39
0.833353  0.255304  2.06106  -65.1015  -1.98326  8.46041  121.482
0.834353  0.257301  1.99593  -68.931  -1.97468  8.58194  121.38
0.835354  0.259229  1.92697  -72.6308  -1.96597  8.70338  121.06
0.836354  0.261084  1.85431  -76.2009  -1.95714  8.82449  120.521
0.837355  0.262863  1.77807  -79.6414  -1.94819  8.94506  119.764
0.838355  0.264562  1.6984  -82.9522  -1.93912  9.06487  118.788
0.839356  0.266178  1.61541  -86.1333  -1.92993  9.18371  117.594
0.840356  0.267708  1.52924  -89.1847  -1.92063  9.30136  116.182
0.841356  0.269148  1.44002  -92.077  -1.91121  9.41759  114.512
0.842357  0.270497  1.3479  -94.7571  -1.90167  9.53215  112.505
0.843357  0.27175  1.25311  -97.2235  -1.89202  9.6447  110.159
0.844358  0.272907  1.15584  -99.4764  -1.88226  9.75491  107.475
0.845358  0.273964  1.05632  -101.516  -1.8724  9.86243  104.451
0.846359  0.274919  0.954764  -103.341  -1.86243  9.96692  101.088
0.847359  0.27577  0.851379  -104.953  -1.85235  10.0681  97.3865
0.848359  0.276517  0.746381  -106.352  -1.84218  10.1655  93.3475
0.84936  0.277157  0.639985  -107.543  -1.83192  10.2589  89.0932
0.85036  0.27769  0.532397  -108.52  -1.82157  10.348  84.6951
0.851361  0.278114  0.423831  -109.281  -1.81113  10.4327  80.1527
0.852361  0.278429  0.314504  -109.824  -1.80061  10.5129  75.4659
0.853361  0.278633  0.204633  -110.151  -1.79002  10.5884  70.6347
0.854362  0.278728  0.0944354  -110.261  -1.77936  10.6591  65.6591
0.855362  0.278712  -0.0158721  -110.154  -1.76863  10.7248  60.5393
0.856363  0.278586  -0.126073  -109.831  -1.75784  10.7853  55.2777
0.857363  0.27835  -0.23595  -109.313  -1.74699  10.8406  49.9136
0.858364  0.278004  -0.34531  -108.6  -1.7361  10.8906  44.4628
0.859364  0.27755  -0.453955  -107.682  -1.72516  10.935  38.9318
0.860364  0.276988  -0.561683  -106.559  -1.71418  10.974  33.3208
0.861365  0.27632  -0.668286  -105.23  -1.70317  11.0073  27.6297
0.862365  0.275546  -0.773561  -103.697  -1.69213  11.035  21.8586
0.863366  0.274668  -0.877302  -101.959  -1.68107  11.0568  16.0074
0.864366  0.273688  -0.979304  -100.016  -1.66999  11.0729  10.0761
0.865367  0.272609  -1.07936  -97.8741  -1.6589  11.0829  4.06163
0.866367  0.271431  -1.17728  -95.5325  -1.64781  11.087  -2.04327
0.867367  0.270157  -1.27285  -92.9713  -1.63672  11.085  -8.26724
0.868368  0.268791  -1.36586  -90.1878  -1.62564  11.0767  -14.6139
0.869368  0.267334  -1.45609  -87.1822  -1.61457  11.0621  -21.0832
0.870369  0.26579  -1.54331  -83.9544  -1.60353  11.041  -27.6752
0.871369  0.264162  -1.6273  -80.5044  -1.59251  11.0133  -34.3899
0.87237  0.262454  -1.70784  -76.8323  -1.58152  10.9789  -41.2273
0.87337  0.260668  -1.7847  -72.9407  -1.57058  10.9376  -48.1882
0.87437  0.25881  -1.85767  -68.8635  -1.55969  10.8894  -55.2346
0.875371  0.256883  -1.92656  -64.7467  -1.54885  10.8342  -62.1797
0.876371  0.25489  -1.99134  -60.6091  -1.53807  10.772  -68.9994
0.877372  0.252838  -2.05197  -56.4508  -1.52737  10.7029  -75.6937
0.878372  0.250728  -2.10845  -52.2718  -1.51673  10.6272  -82.2627
0.879372  0.248567  -2.16074  -48.072  -1.50618  10.5449  -88.7062
0.880373  0.246357  -2.20883  -43.8515  -1.49572  10.4562  -95.0244
0.881373  0.244103  -2.2527  -39.611  -1.48536  10.3611  -101.216
0.882374  0.24181  -2.29233  -35.3825  -1.47509  10.2598  -107.227
0.883374  0.239481  -2.32773  -31.2167  -1.46494  10.1526  -112.976
0.884375  0.237121  -2.35896  -27.115  -1.45489  10.0395  -118.461
0.885375  0.234734  -2.38609  -23.0774  -1.44497  9.92104  -123.681
0.886375  0.232324  -2.40917  -19.104  -1.43517  9.7973  -128.637
0.887376  0.229894  -2.42829  -15.1946  -1.42549  9.66861  -133.328
0.888376  0.22745  -2.44349  -11.3493  -1.41595  9.53523  -137.755
0.889377  0.224994  -2.45484  -7.56808  -1.40655  9.39741  -141.919
0.890377  0.222531  -2.46241  -3.84722  -1.39729  9.25543  -145.935
0.891378  0.220063  -2.46626  -0.222416  -1.38818  9.10944  -149.79
0.892378  0.217596  -2.46648  3.29436  -1.37922  8.95958  -153.457
0.893378  0.215132  -2.46319  6.70311  -1.37041  8.80606  -156.937
0.894379  0.212674  -2.45648  10.0038  -1.36175  8.64906  -160.229
0.895379  0.210227  -2.44647  13.1965  -1.35326  8.48876  -163.333
0.89638  0.207792  -2.43327  16.2812  -1.34493  8.32536  -166.25
0.89738  0.205374  -2.41698  19.2592  -1.33677  8.15904  -168.982
0.898381  0.202975  -2.39772  22.1502  -1.32878  7.98999  -171.568
0.899381  0.200599  -2.37556  24.9605  -1.32096  7.81834  -174.021
0.900381  0.198247  -2.35059  27.6874  -1.31331  7.64425  -176.336
0.901382  0.195923  -2.32289  30.3043  -1.30584  7.46784  -178.469
0.902382  0.19363  -2.29257  32.8042  -1.29854  7.28929  -180.407
0.903383  0.191369  -2.25975  35.1873  -1.29143  7.10881  -182.152
0.904383  0.189144  -2.22455  37.4535  -1.2845  6.92658  -183.703
0.905384  0.186956  -2.18708  39.6032  -1.27776  6.7428  -185.059
0.906384  0.184807  -2.14746  41.6427  -1.2712  6.55766  -186.219
0.907384  0.182701  -2.1058  43.5746  -1.26482  6.37137  -187.18
0.908385  0.180638  -2.06221  45.3989  -1.25864  6.18411  -187.943
0.909385  0.17862  -2.01679  47.1156  -1.25264  5.99608  -188.508
0.910386  0.176649  -1.96965  48.7247  -1.24683  5.80749  -188.875
0.911386  0.174728  -1.92091  50.2261  -1.24121  5.61854  -189.044
0.912386  0.172856  -1.87066  51.6068  -1.23578  5.42942  -188.996
0.913387  0.171036  -1.81903  52.8347  -1.23053  5.24034  -188.687
0.914387  0.16927  -1.76617  53.9111  -1.22548  5.05157  -188.115
0.915388  0.167557  -1.71224  54.8391  -1.22061  4.86338  -187.277
0.916388  0.165899  -1.65738  55.6187  -1.21594  4.67602  -186.175
0.917389  0.164296  -1.60173  56.2498  -1.21144  4.48977  -184.808
0.918389  0.16275  -1.54546  56.7326  -1.20714  4.30488  -183.177
0.919389  0.161261  -1.4887  57.0669  -1.20301  4.12163  -181.28
0.92039  0.159828  -1.43161  57.2528  -1.19907  3.94027  -179.118
0.92139  0.158454  -1.37434  57.2903  -1.19531  3.76108  -176.692
0.922391  0.157136  -1.31702  57.1802  -1.19172  3.58431  -174.002
0.923391  0.155876  -1.25982  56.9303  -1.18831  3.41023  -171.063
0.924392  0.154672  -1.20286  56.5427  -1.18507  3.2391  -167.879
0.925392  0.153525  -1.1463  56.0174  -1.182  3.07115  -164.449
0.926392  0.152435  -1.09026  55.3543  -1.17909  2.90663  -160.774
0.927393  0.151399  -1.03488  54.5535  -1.17634  2.74579  -156.853
0.928393  0.150419  -0.980301  53.615  -1.17375  2.58887  -152.686
0.929394  0.149492  -0.926663  52.5388  -1.17132  2.43612  -148.274
0.930394  0.148617  -0.874102  51.3248  -1.16903  2.28778  -143.616
0.931395  0.147794  -0.822756  49.9763  -1.16688  2.1441  -138.72
0.932395  0.147021  -0.772758  48.5329  -1.16488  2.00532  -133.672
0.933395  0.146296  -0.724205  47.0066  -1.163  1.8716  -128.499
0.934396  0.145619  -0.677178  45.3975  -1.16126  1.74304  -123.2
0.935396  0.144987  -0.631761  43.7055  -1.15964  1.61979  -117.777
0.936397  0.144399  -0.588037  41.9307  -1.15814  1.50196  -112.227
0.937397  0.143852  -0.546089  40.073  -1.15675  1.38969  -106.553
0.938397  0.143346  -0.505999  38.4211  -1.15546  1.28309  -101.517
0.939398  0.142878  -0.467562  36.7532  -1.15428  1.18153  -96.5248
0.940398  0.142447  -0.430793  35.0693  -1.1532  1.08496  -91.5769
0.941399  0.142052  -0.395709  33.3722  -1.1522  0.993349  -86.6774
0.942399  0.141689  -0.362322  31.6884  -1.1513  0.906635  -81.8712
0.9434  0.141358  -0.33062  30.0249  -1.15047  0.824729  -77.1697
0.9444  0.141058  -0.300583  28.3815  -1.14972  0.747527  -72.5728
0.9454  0.140785  -0.272189  26.7584  -1.14905  0.674923  -68.0807
0.946401  0.14054  -0.24542  25.1555  -1.14844  0.606813  -63.6933
0.947401  0.140319  -0.220253  23.5728  -1.1479  0.543093  -59.4106
0.948402  0.140123  -0.196671  22.0103  -1.14741  0.483657  -55.2325
0.949402  0.139948  -0.174651  20.468  -1.14698  0.428401  -51.1592
0.950403  0.139794  -0.154174  18.9459  -1.14661  0.377221  -47.1905
0.951403  0.139658  -0.13522  17.444  -1.14628  0.33001  -43.3265
0.952403  0.139541  -0.117769  15.9624  -1.14599  0.286665  -39.5673
0.953404  0.139439  -0.1018  14.514  -1.14574  0.247081  -35.9308
0.954404  0.139351  -0.0872797  13.1311  -1.14553  0.211135  -32.4617
0.955405  0.139277  -0.074143  11.815  -1.14535  0.17866  -29.1619
0.956405  0.139215  -0.062323  10.5658  -1.1452  0.149485  -26.0314
0.957406  0.139163  -0.0517528  9.38342  -1.14508  0.123443  -23.0702
0.958406  0.139121  -0.0423654  8.26793  -1.14498  0.100363  -20.2783
0.959406  0.139087  -0.0340939  7.21931  -1.1449  0.0800762  -17.6558
0.960407  0.13906  -0.0268716  6.23755  -1.14484  0.0624129  -15.2026
0.961407  0.139039  -0.0206314  5.32266  -1.14479  0.0472038  -12.9188
0.962408  0.139024  -0.0153065  4.47464  -1.14476  0.0342795  -10.8042
0.963408  0.139013  -0.0108299  3.69348  -1.14473  0.0234707  -8.85902
0.964409  0.139006  -0.00713488  2.97918  -1.14472  0.0146079  -7.08313
0.965409  0.139002  -0.00415444  2.33175  -1.14471  0.00752181  -5.47657
0.966409  0.139  -0.00182169  1.75119  -1.14471  0.00204292  -4.03934
0.96741  0.139  -6.97585e-05  1.2375  -1.14471  -0.00199813  -2.77143
0.96841  0.139001  0.00116826  0.790668  -1.14471  -0.00477074  -1.67285
0.969411  0.139003  0.00195927  0.410704  -1.14472  -0.00644431  -0.7436
0.970411  0.139005  0.00237014  0.0976066  -1.14473  -0.00718822  0.0163271
0.971411  0.139008  0.00246779  -0.148625  -1.14474  -0.00717189  0.606928
0.972412  0.13901  0.0023191  -0.327991  -1.14474  -0.0065647  1.0282
0.973412  0.139012  0.00199097  -0.440491  -1.14475  -0.00553606  1.28015
0.974413  0.139014  0.0015503  -0.486124  -1.14475  -0.00425537  1.36277
0.975413  0.139015  0.00106397  -0.464892  -1.14475  -0.00289202  1.27607
0.976414  0.139015  0.000598878  -0.376794  -1.14476  -0.00161541  1.02004
0.977414  0.139016  0.000221924  -0.22183  -1.14476  -0.000594935  0.594683
0.978414  0.139016  -2.70786e-18  2.70671e-15  -1.14476  0  0
