0  0.114755  -2.77556e-17  -11.9503  -2.29336  -2.77556e-17  -18.1674
0.00933655  0.114686  0.0335726  19.1419  -2.29352  0.0336105  25.3671
0.0186731  0.116286  0.357439  50.2341  -2.29147  0.473683  68.9016
0.0280097  0.122242  0.951553  69.3726  -2.28343  1.30362  102.538
0.0373462  0.134118  1.5884  66.1248  -2.26656  2.33494  117.509
0.0466828  0.151682  2.15835  55.8059  -2.23951  3.4714  125.972
0.0560193  0.174046  2.60858  40.6189  -2.20147  4.69239  135.57
0.0653559  0.199841  2.88151  17.6016  -2.15166  5.98902  141.98
0.0746924  0.227049  2.89711  -14.7444  -2.08957  7.31017  140.997
0.084029  0.252913  2.58427  -53.1911  -2.01519  8.62001  139.08
0.0933655  0.274094  1.88282  -98.8648  -1.9287  9.90749  140.622
0.102702  0.286606  0.710401  -154.701  -1.83005  11.174  108.139
0.112039  0.286187  -0.752074  -133.528  -1.72244  11.6787  -13.7236
0.121375  0.274117  -1.75357  -82.1176  -1.61497  11.2849  -59.4822
0.130712  0.254739  -2.33658  -43.5116  -1.51273  10.5598  -95.432
0.140048  0.231524  -2.58398  -10.3171  -1.41878  9.51274  -128.554
0.149385  0.207385  -2.54174  18.4227  -1.33603  8.16619  -158.617
0.158721  0.184826  -2.25586  40.1847  -1.26707  6.57791  -176.161
0.168058  0.165729  -1.81398  53.3675  -1.21338  4.91947  -178.297
0.177395  0.151265  -1.271  61.4771  -1.17521  3.25911  -175.274
0.186731  0.142126  -0.679415  67.6521  -1.15228  1.6629  -172.882
0.196068  0.139017  0.0439487  87.1952  -1.14476  -0.102995  -205.256
0.205404  0.143046  0.799834  74.7242  -1.15454  -1.97646  -196.062
0.214741  0.153001  1.24226  18.2916  -1.17971  -3.19602  -60.1152
0.224077  0.16548  1.50439  54.749  -1.21264  -4.08458  -176.089
0.233414  0.182482  2.13137  53.3404  -1.2603  -6.15541  -202.077
0.24275  0.204053  2.43874  21.0523  -1.32539  -7.71433  -155.515
0.252087  0.227495  2.54652  -2.33001  -1.40415  -9.13015  -137.842
0.261424  0.250699  2.37322  -35.0002  -1.49488  -10.2537  -105.111
0.27076  0.270824  1.87848  -72.6371  -1.59472  -11.0728  -66.8428
0.280097  0.284549  0.986217  -120.256  -1.70058  -11.5766  -46.6982
0.289433  0.287659  -0.410089  -168.069  -1.80891  -11.3916  90.6809
0.29877  0.277408  -1.69314  -109.687  -1.91011  -10.1897  143.796
0.308106  0.25752  -2.49365  -62.5638  -1.99927  -8.92211  137.439
0.317443  0.23214  -2.88224  -23.0239  -2.07644  -7.60391  140.233
0.326779  0.20472  -2.9416  9.38387  -2.14136  -6.30406  139.4
0.336116  0.178062  -2.73078  34.5527  -2.19417  -5.01583  135.601
0.345453  0.154355  -2.32128  52.2  -2.23519  -3.78217  128.29
0.354789  0.135179  -1.76355  67.0087  -2.26499  -2.60861  123.575
0.364126  0.121815  -1.08217  78.3607  -2.28403  -1.47705  118.678
0.373462  0.115274  -0.304077  88.0844  -2.29271  -0.38769  115.046
0.382799  0.116341  0.527037  85.6423  -2.29133  0.684322  116.122
0.392135  0.124855  1.28052  75.1729  -2.27983  1.78491  119.67
0.401472  0.139917  1.92669  62.8385  -2.2579  2.92147  124.393
0.410808  0.160448  2.44838  47.9699  -2.22511  4.11177  130.815
0.420145  0.185143  2.81141  28.3511  -2.18092  5.36518  137.553
0.429481  0.212281  2.95967  1.22839  -2.12475  6.67203  140.64
0.438818  0.239493  2.81514  -33.5552  -2.05633  7.98174  139.789
0.448155  0.263748  2.31601  -74.6165  -1.97574  9.2774  137.294
0.457491  0.281428  1.3921  -124.605  -1.88309  10.5817  143.93
0.466828  0.288148  -0.0301578  -163.486  -1.77909  11.5688  57.5953
0.476164  0.281573  -1.29181  -108.256  -1.67048  11.532  -41.8407
0.485501  0.265512  -2.07864  -63.1893  -1.56513  10.9795  -77.0085
0.494837  0.243904  -2.49444  -27.0524  -1.46649  10.0969  -111.501
0.504174  0.219908  -2.59778  4.15079  -1.37756  8.90321  -143.9
0.51351  0.196239  -2.43139  30.9037  -1.30113  7.42818  -171.277
0.522847  0.175159  -2.06005  47.3444  -1.2394  5.78607  -177.794
0.532184  0.158164  -1.56425  58.2611  -1.19315  4.12174  -178.289
0.54152  0.146199  -0.992455  63.0338  -1.16237  2.48558  -170.495
0.550857  0.139795  -0.355657  77.0683  -1.14662  0.854526  -188.462
0.560193  0.140066  0.420712  81.2189  -1.14727  -1.0115  -200.85
0.56953  0.147297  1.07956  48.6344  -1.16517  -2.72492  -133.663
0.578866  0.158695  1.31037  25.0573  -1.19451  -3.44589  -86.6231
0.588203  0.17285  1.81001  78.842  -1.23295  -5.05547  -250.356
0.597539  0.192474  2.31753  29.874  -1.28972  -6.96017  -157.652
0.606876  0.215151  2.51712  13.9856  -1.36147  -8.41225  -156.456
0.616213  0.238814  2.50156  -17.7907  -1.44632  -9.70645  -120.003
0.625549  0.260914  2.18072  -51.6852  -1.54176  -10.6924  -89.6183
0.634886  0.278435  1.50772  -94.253  -1.64487  -11.3333  -53.345
0.644222  0.287668  0.385902  -148.911  -1.75269  -11.6665  16.4424
0.653559  0.284242  -1.09505  -138.109  -1.85883  -10.8939  131.786
0.662895  0.268812  -2.13185  -86.4159  -1.9543  -9.57247  132.1
0.672232  0.245809  -2.72516  -41.5886  -2.03779  -8.2921  142.838
0.681568  0.21907  -2.94783  -6.81885  -2.10906  -6.98082  138.966
0.690905  0.1917  -2.86887  22.2466  -2.16817  -5.6815  138.205
0.700242  0.166225  -2.55421  43.6101  -2.21527  -4.41578  132.33
0.709578  0.144516  -2.07102  59.4591  -2.25084  -3.21472  125.737
0.718915  0.127981  -1.44973  72.8279  -2.27543  -2.06052  121.318
0.728251  0.117774  -0.720454  83.1831  -2.28946  -0.951046  116.678
0.737588  0.114809  0.0989584  90.4381  -2.2933  0.124108  114.31
0.746924  0.119541  0.900348  81.2012  -2.2871  1.20761  117.791
0.756261  0.131318  1.60445  69.6257  -2.27064  2.32421  121.398
0.765597  0.149145  2.19368  56.5066  -2.24357  3.48448  127.276
0.774934  0.171855  2.64472  39.7928  -2.20539  4.70453  134.151
0.784271  0.197969  2.91367  17.3593  -2.15552  5.98755  140.647
0.793607  0.225484  2.93118  -14.1691  -2.09349  7.30063  140.338
0.802944  0.251693  2.62447  -52.2662  -2.01922  8.60599  138.959
0.81228  0.273292  1.93269  -97.7464  -1.93286  9.89255  139.462
0.821617  0.286315  0.771601  -152.768  -1.83441  11.1471  105.628
0.830953  0.286481  -0.694833  -134.503  -1.72717  11.6334  -13.1959
0.84029  0.274918  -1.70268  -82.6141  -1.62019  11.2285  -58.7887
0.849626  0.256002  -2.28759  -43.3666  -1.51848  10.4978  -97.0286
0.858963  0.233246  -2.53512  -10.3798  -1.42516  9.444  -128.529
0.8683  0.209552  -2.49585  17.8133  -1.34303  8.10362  -157.127
0.877636  0.187378  -2.2191  39.2506  -1.27455  6.53696  -173.966
0.886973  0.168563  -1.79173  51.1669  -1.2211  4.91208  -172.99
0.896309  0.154163  -1.2826  57.4627  -1.18269  3.32544  -166.158
0.905646  0.144701  -0.743202  58.083  -1.15865  1.8506  -149.771
0.914982  0.140124  -0.270823  38.9358  -1.14733  0.66129  -97.4023
0.924319  0.138938  -0.0213544  14.5034  -1.1445  0.0412661  -35.414
0.933655  0.139015  -1.11022e-16  -9.92901  -1.14476  -2.22045e-16  26.5743
