0  0  2.46716e-17  16.4827
1  8.25451e-06  0.0164959  32.965
2  4.12723e-05  0.0494872  49.4469
3  0.000115562  0.0989734  65.9283
4  0.000247631  0.164954  82.4092
5  0.000453986  0.247429  98.8897
6  0.000751136  0.346397  115.37
7  0.00115559  0.461859  131.849
8  0.00168384  0.593813  148.328
9  0.00235241  0.74226  148.324
10  0.00316954  0.890702  148.32
11  0.00413523  1.03914  148.316
12  0.00524948  1.18758  148.312
13  0.00651227  1.33601  148.308
14  0.00792361  1.48443  148.304
15  0.0094835  1.63285  148.298
16  0.0111919  1.78127  148.289
17  0.0130489  1.92968  148.278
18  0.0150543  2.07807  148.263
19  0.0172083  2.22645  148.244
20  0.0195108  2.37482  148.223
21  0.0219617  2.52316  148.199
22  0.0245611  2.67148  148.173
23  0.0273089  2.81977  148.146
24  0.0302051  2.96803  148.117
25  0.0332497  3.11627  148.09
26  0.0364426  3.26447  148.062
27  0.0397838  3.41265  148.03
28  0.0432733  3.5608  147.995
29  0.0469111  3.70891  147.956
30  0.050697  3.85699  147.917
31  0.0546312  4.00502  147.883
32  0.0587135  4.15302  147.852
33  0.0629438  4.30099  147.823
34  0.0673223  4.44893  147.788
35  0.0718488  4.59684  147.748
36  0.0765233  4.7447  147.704
37  0.0813457  4.89253  147.658
38  0.0863161  5.0403  147.607
39  0.0914343  5.18803  147.55
40  0.0967004  5.33569  147.492
41  0.102114  5.4833  147.436
42  0.107676  5.63086  147.385
43  0.113385  5.77836  147.344
44  0.119242  5.92582  147.316
45  0.125246  6.07325  147.274
46  0.131398  6.22064  147.197
47  0.137697  6.36796  147.101
48  0.144144  6.51518  147.053
49  0.150738  6.66235  147.047
50  0.157479  6.80951  147.015
51  0.164368  6.95664  146.931
52  0.171403  7.10369  146.825
53  0.178586  7.25063  146.718
54  0.185916  7.39747  146.635
55  0.193393  7.54422  146.596
56  0.201017  7.69093  146.589
57  0.208787  7.83764  146.553
58  0.216704  7.98431  146.451
59  0.224768  8.13088  146.308
60  0.232979  8.2773  146.221
61  0.241336  8.42364  146.226
62  0.24984  8.56998  146.13
63  0.25849  8.71623  145.895
64  0.267286  8.86224  146.15
65  0.276228  9.00851  146.426
66  0.285317  9.15505  144.247
67  0.294552  9.29941  137.953
68  0.303928  9.43747  125.698
69  0.313436  9.56327  110.463
70  0.323062  9.67382  93.834
71  0.332791  9.76773  77.5591
72  0.342605  9.84535  61.636
73  0.352489  9.90704  45.1124
74  0.362426  9.95219  28.5541
75  0.372401  9.98076  14.4664
76  0.382397  9.99524  4.51142
77  0.392402  9.99976  0.577979
78  0.40241  10.0003  -0.380716
79  0.412418  9.99995  -0.0191141
80  0.422426  9.99993  0.088221
81  0.432434  10  -0.0179006
82  0.442442  10  -0.0110179
83  0.45245  9.99999  0.00774892
84  0.462458  10  2.63681e-05
85  0.472466  10  -0.00308915
86  0.482474  10  0.0039757
87  0.492482  10  0.0020116
88  0.50249  10  -0.0217823
89  0.512498  9.99998  0.016773
90  0.522506  10  0.0725473
91  0.532514  10.0001  -0.190397
92  0.542522  9.99988  -0.0907063
93  0.55253  9.99979  1.12682
94  0.562538  10.0009  -0.890073
95  0.572546  10  -7.97122
96  0.58255  9.99205  -20.4808
97  0.59254  9.97155  -35.7597
98  0.602502  9.93576  -50.1552
99  0.61242  9.88557  -64.8159
100  0.622281  9.8207  -79.8268
101  0.63207  9.74081  -94.3502
102  0.641771  9.64639  -109.285
103  0.651371  9.53701  -122.082
104  0.660854  9.41483  -130.392
105  0.670211  9.28434  -132.245
106  0.679437  9.15199  -130.95
107  0.68853  9.02093  -131.453
108  0.697493  8.88938  -131.938
109  0.706323  8.75733  -131.047
110  0.715022  8.62618  -130.751
111  0.723589  8.49533  -131.641
112  0.732025  8.36358  -131.677
113  0.74033  8.2318  -130.823
114  0.748503  8.10087  -130.756
115  0.756544  7.97001  -131.233
116  0.764455  7.83868  -131.068
117  0.772234  7.7075  -130.647
118  0.779882  7.57675  -130.839
119  0.7874  7.44581  -131.237
120  0.794786  7.31447  -131.147
121  0.80204  7.18322  -130.814
122  0.809164  7.0523  -130.812
123  0.816156  6.92138  -131.06
124  0.823017  6.79022  -131.132
125  0.829747  6.65898  -130.993
126  0.836346  6.52788  -130.881
127  0.842814  6.3969  -130.862
128  0.84915  6.26593  -130.891
129  0.855355  6.13494  -130.922
130  0.86143  6.00391  -130.929
131  0.867373  5.87288  -130.888
132  0.873185  5.74189  -130.799
133  0.878866  5.61098  -130.698
134  0.884416  5.48018  -130.613
135  0.889835  5.34946  -130.545
136  0.895123  5.21881  -130.492
137  0.900281  5.08822  -130.45
138  0.905308  4.95766  -130.419
139  0.910204  4.82714  -130.421
140  0.91497  4.69662  -130.455
141  0.919605  4.56606  -130.508
142  0.924109  4.43545  -130.548
143  0.928483  4.30479  -130.557
144  0.932726  4.17413  -130.539
145  0.936838  4.04349  -130.514
146  0.940819  3.91287  -130.488
147  0.94467  3.78228  -130.463
148  0.94839  3.65171  -130.439
149  0.951979  3.52117  -130.422
150  0.955438  3.39065  -130.414
151  0.958766  3.26013  -130.414
152  0.961963  3.12961  -130.422
153  0.96503  2.99908  -130.432
154  0.967966  2.86855  -130.428
155  0.970772  2.73802  -130.41
156  0.973446  2.6075  -130.381
157  0.975991  2.47702  -130.346
158  0.978404  2.34657  -130.306
159  0.980688  2.21616  -130.273
160  0.98284  2.08578  -130.247
161  0.984863  1.95543  -130.229
162  0.986754  1.8251  -130.219
163  0.988516  1.69478  -130.216
164  0.990147  1.56446  -130.221
165  0.991647  1.43413  -130.23
166  0.993017  1.3038  -130.239
167  0.994257  1.17346  -130.248
168  0.995366  1.0431  -130.257
169  0.996345  0.912743  -130.266
170  0.997193  0.782374  -130.275
171  0.997911  0.651996  -130.283
172  0.998498  0.521609  -115.811
173  0.998962  0.405705  -101.339
174  0.999317  0.304286  -86.8646
175  0.999578  0.217352  -72.3896
176  0.999759  0.144905  -57.9137
177  0.999875  0.0869447  -43.4368
178  0.999941  0.0434733  -28.9588
179  0.99997  0.0144914  -14.4799
180  0.999977  0  -14.4799
